2.501243423080256045e-01
7.503714612788439098e-01
1.250615448945755492e+00
1.750856305280781289e+00
2.251094030253613987e+00
2.751328623834900622e+00
3.251560085994645632e+00
3.751788416711912433e+00
4.252013616014821196e+00
4.752235684374580771e+00
5.252454625504428876e+00
5.752670463818772006e+00
6.252883340256246925e+00
6.753093975158074080e+00
7.253305637322891464e+00
7.753531500363394002e+00
8.253818621033136793e+00
8.754315263700277683e+00
9.255430014686581330e+00
9.758135383951801245e+00
1.026439820311657058e+01
1.077753794826766764e+01
1.130215494038480983e+01
1.184342885022512348e+01
1.240608108541327326e+01
1.299359882417630985e+01
1.360805571611051867e+01
1.425039158274930529e+01
1.492082942756298358e+01
1.561921901267703383e+01
1.634525366468830043e+01
1.709858576248741002e+01
1.787888022375398833e+01
1.868583522649421980e+01
1.951918730613731867e+01
2.037870972672527614e+01
2.126420840197889817e+01
2.217551728841974779e+01
2.311249404196137647e+01
2.407501621014287352e+01
2.506297800593580405e+01
2.607628761884260271e+01
2.711486499014689855e+01
2.817863997625276440e+01
2.926755083140945146e+01
3.038154295131663929e+01
3.152056782926512923e+01
3.268458218550297545e+01
3.387354723809323787e+01
3.508742808963590676e+01
3.632619320930281503e+01
3.758981399353756814e+01
3.887826439195660555e+01
4.019152058754094270e+01
4.152956072221301298e+01
4.289236466049788987e+01
4.427991378528562194e+01
4.569219082075023408e+01
4.712917967831798194e+01
4.859086532230085709e+01
5.007723365231873913e+01
5.158827140014629720e+01
5.312396603895818004e+01
5.468430570330283302e+01
5.626927911832741813e+01
5.787887553708218036e+01
5.951308468481705205e+01
6.117189670940751256e+01
6.285530213713894199e+01
6.456329183318736398e+01
6.629585696622164903e+01
6.805298897666821745e+01
6.983467954817137979e+01
7.164092058190821888e+01
7.347170417342174176e+01
7.532702259170213210e+01
7.720686826025658434e+01
7.911123373995839358e+01
8.104011171349411313e+01
8.299349497121961861e+01
8.497137639830152978e+01
8.697374896299599811e+01
8.900060570595813658e+01
9.105193973048318412e+01
9.312774419357002387e+01
9.522801229775242859e+01
9.735273728360282064e+01
9.950191242285815463e+01
1.016755310121041447e+02
1.038735863669663786e+02
1.060960718167657433e+02
1.083429806995929141e+02
1.106143063577629420e+02
1.129100421336264475e+02
1.152301813656851834e+02
1.175747173850214011e+02
1.199436435119701940e+02
1.223369530530478215e+02
1.247546392981088417e+02
1.271966955176948346e+02
1.296631149605852329e+02
1.321538908515105106e+02
1.346690163890368410e+02
1.372084847435832557e+02
1.397722890555924380e+02
1.423604224338104132e+02
1.449728779536844456e+02
1.476096486558838592e+02
1.502707275448956636e+02
1.529561075877274732e+02
1.556657817126952352e+02
1.583997428082772956e+02
1.611579837220574234e+02
1.639404972597215817e+02
1.667472761841237343e+02
1.695783132144158287e+02
1.724336010252192750e+02
1.753131322458596912e+02
1.782168994596401603e+02
1.811448952031626334e+02
1.840971119656867359e+02
1.870735421885369192e+02
1.900741782645278590e+02
1.930990125374437412e+02
1.961480373015325824e+02
1.992212448010343735e+02
2.023186272297458572e+02
2.054401767305951978e+02
2.085858853952547349e+02
2.117557452637680626e+02
2.149497483241986231e+02
2.181678865123067794e+02
2.214101517112323734e+02
2.246765357512047672e+02
2.279670304092674655e+02
2.312816274090157265e+02
2.346203184203480134e+02
2.379830950592380532e+02
2.413699488875125496e+02
2.447808714126462633e+02
2.482158540875601318e+02
2.516748883104454819e+02
2.551579654245825566e+02
2.586650767181807282e+02
2.621962134242174329e+02
2.657513667202965166e+02
2.693305277285049897e+02
2.729336875152904440e+02
2.765608370913258796e+02
2.802119674114025543e+02
2.838870693743149332e+02
2.875861338227609849e+02
2.913091515432416827e+02
2.950561132659694863e+02
2.988270096647825653e+02
3.026218313570647638e+02
3.064405689036610738e+02
3.102832128088191439e+02
3.141497535201091864e+02
3.180401814283627004e+02
3.219544868676230180e+02
3.258926601150726015e+02
3.298546913909963791e+02
3.338405708587218328e+02
3.378502886245791501e+02
3.418838347378563753e+02
3.459411991907646780e+02
3.500223719183927642e+02
3.541273427986801039e+02
3.582561016523816306e+02
3.624086382430412527e+02
3.665849422769654780e+02
3.707850034031953896e+02
3.750088112134875473e+02
3.792563552422953990e+02
3.835276249667443267e+02
3.878226098066213012e+02
3.921412991243622628e+02
3.964836822250335899e+02
4.008497483563201627e+02
4.052394867085234296e+02
4.096528864145482771e+02
4.140899365498958673e+02
4.185506261326619892e+02
4.230349441235291010e+02
4.275428794257685468e+02
4.320744208852349857e+02
4.366295572903691209e+02
4.412082773722017919e+02
4.458105698043472671e+02
4.504364232030142148e+02
4.550858261270104208e+02
4.597587670777438689e+02
4.644552344992322332e+02
4.691752167781076537e+02
4.739187022436283314e+02
4.786856791676862599e+02
4.834761357648151829e+02
4.882900601922038391e+02
4.931274405497075008e+02
4.979882648798586047e+02
5.028725211678823825e+02
5.077801973417052182e+02
5.127112812719771000e+02
5.176657607720787837e+02
5.226436235981451546e+02
5.276448574490755163e+02
5.326694499665505873e+02
5.377173887350561472e+02
5.427886612818962249e+02
5.478832550772116292e+02
5.530011575340013223e+02
5.581423560081423147e+02
5.633068377984056951e+02
5.684945901464845974e+02
5.737056002370089800e+02
5.789398551975731380e+02
5.841973420987495729e+02
5.894780479541218483e+02
5.947819597202986870e+02
6.001090642969452347e+02
6.054593485268001132e+02
6.108327991957032737e+02
6.162294030326213488e+02
6.216491467096692531e+02
6.270920168421421295e+02
6.325579999885346751e+02
6.380470826505686546e+02
6.435592512732226851e+02
6.490944922447548606e+02
6.546527918967359483e+02
6.602341365040692835e+02
6.658385122850236257e+02
6.714659054012612387e+02
6.771163019578663125e+02
6.827896880033713387e+02
6.884860495297882608e+02
6.942053724726386008e+02
6.999476427109816541e+02
7.057128460674431381e+02
7.115009683082529364e+02
7.173119951432632888e+02
7.231459122259909691e+02
7.290027051536409317e+02
7.348823594671443971e+02
7.407848606511832941e+02
7.467101941342280043e+02
7.526583452885631687e+02
7.586292994303291835e+02
7.646230418195452785e+02
7.706395576601516950e+02
7.766788321000288988e+02
7.827408502310472613e+02
7.888255970890944582e+02
7.949330576541000255e+02
8.010632168500826538e+02
8.072160595451786094e+02
8.133915705516751586e+02
8.195897346260484255e+02
8.258105364689935186e+02
8.320539607254654584e+02
8.383199919847105548e+02
8.446086147803021049e+02
8.509198135901774549e+02
8.572535728366738113e+02
8.636098768865635975e+02
8.699887100510915161e+02
8.763900565860066081e+02
8.828139006916113658e+02
8.892602265127814007e+02
8.957290181390176258e+02
9.022202596044716074e+02
9.087339348879957015e+02
9.152700279131645402e+02
9.218285225483313070e+02
9.284094026066499055e+02
9.350126518461211163e+02
9.416382539696305685e+02
9.482861926249861426e+02
9.549564514049554873e+02
9.616490138473051275e+02
9.683638634348457117e+02
9.751009835954598657e+02
9.818603577021527826e+02
9.886419690730824641e+02
9.954458009716075821e+02
1.002271836606324200e+03
1.009120059131099993e+03
1.015990451645125518e+03
1.022882997192948665e+03
1.029797678764511602e+03
1.036734479295200799e+03
1.043693381665877496e+03
1.050674368702928859e+03
1.057677423178302661e+03
1.064702527809550475e+03
1.071749665259867697e+03
1.078818818138137885e+03
1.085909968998975728e+03
1.093023100342765701e+03
1.100158194615703678e+03
1.107315234209841947e+03
1.114494201463133777e+03
1.121695078659470482e+03
1.128917848028726667e+03
1.136162491746806381e+03
1.143428991935679505e+03
1.150717330663432449e+03
1.158027489944305898e+03
1.165359451738743019e+03
1.172713197953428562e+03
1.180088710441335479e+03
1.187485971001767894e+03
1.194904961380409759e+03
1.202345663269358511e+03
1.209808058307182137e+03
1.217292128078956011e+03
1.224797854116309509e+03
1.232325217897470111e+03
1.239874200847312295e+03
1.247444784337396413e+03
1.255036949686020762e+03
1.262650678158262053e+03
1.270285950966022938e+03
1.277942749268077705e+03
1.285621054170120942e+03
1.293320846724804596e+03
1.301042107931798000e+03
1.308784818737820842e+03
1.316548960036700919e+03
1.324334512669410287e+03
1.332141457424119835e+03
1.339969775036243391e+03
1.347819446188486609e+03
1.355690451510887897e+03
1.363582771580875487e+03
1.371496386923306545e+03
1.379431278010519236e+03
1.387387425262380020e+03
1.395364809046330720e+03
1.403363409677433765e+03
1.411383207418430857e+03
1.419424182479772526e+03
1.427486315019688618e+03
1.435569585144219218e+03
1.443673972907273310e+03
1.451799458310673344e+03
1.459946021304205033e+03
1.468113641785668733e+03
1.476302299600927199e+03
1.484511974543949918e+03
1.492742646356872456e+03
1.500994294730039201e+03
1.509266899302055663e+03
1.517560439659835765e+03
1.525874895338656415e+03
1.534210245822204342e+03
1.542566470542627258e+03
1.550943548880580011e+03
1.559341460165289618e+03
1.567760183674587324e+03
1.576199698634969081e+03
1.584659984221649438e+03
1.593141019558606786e+03
1.601642783718633609e+03
1.610165255723395376e+03
1.618708414543475783e+03
1.627272239098428599e+03
1.635856708256833599e+03
1.644461800836343855e+03
1.653087495603741900e+03
1.661733771274987475e+03
1.670400606515272329e+03
1.679087979939075694e+03
1.687795870110210217e+03
1.696524255541878347e+03
1.705273114696725770e+03
1.714042425986895296e+03
1.722832167774075060e+03
1.731642318369554914e+03
1.740472856034282131e+03
1.749323758978909609e+03
1.758195005363854307e+03
1.767086573299347947e+03
1.775998440845489085e+03
1.784930586012306549e+03
1.793882986759799451e+03
1.802855620998003133e+03
1.811848466587036228e+03
1.820861501337160689e+03
1.829894703008831357e+03
1.838948049312754620e+03
1.848021517909941394e+03
1.857115086411761467e+03
1.866228732379997382e+03
1.875362433326909695e+03
1.884516166715272220e+03
1.893689909958451153e+03
1.902883640420443953e+03
1.912097335415937550e+03
1.921330972210371328e+03
1.930584528019988966e+03
1.939857980011890504e+03
1.949151305304093967e+03
1.958464480965592202e+03
1.967797484016404269e+03
1.977150291427637057e+03
1.986522880121537582e+03
1.995915226971553693e+03
2.005327308802389098e+03
2.014759102390060207e+03
2.024210584461954795e+03
2.033681731696887482e+03
2.043172520725159984e+03
2.052682928128613639e+03
2.062212930440693981e+03
2.071762504146500760e+03
2.081331625682852518e+03
2.090920271438341388e+03
2.100528417753393114e+03
2.110156040920323449e+03
2.119803117183393624e+03
2.129469622738878115e+03
2.139155533735115569e+03
2.148860826272567010e+03
2.158585476403880875e+03
2.168329460133947123e+03
2.178092753419958171e+03
2.187875332171467562e+03
2.197677172250448166e+03
2.207498249471356303e+03
2.217338539601184493e+03
2.227198018359524212e+03
2.237076661418631829e+03
2.246974444403476355e+03
2.256891342891810837e+03
2.266827332414224202e+03
2.276782388454207648e+03
2.286756486448212399e+03
2.296749601785708364e+03
2.306761709809249624e+03
2.316792785814531271e+03
2.326842805050451261e+03
2.336911742719171343e+03
2.346999573976179363e+03
2.357106273930347925e+03
2.367231817643999875e+03
2.377376180132967420e+03
2.387539336366650332e+03
2.397721261268083708e+03
2.407921929713996178e+03
2.418141316534873113e+03
2.428379396515017561e+03
2.438636144392614369e+03
2.448911534859791118e+03
2.459205542562678147e+03
2.469518142101476315e+03
2.479849308030515203e+03
2.490199014858318151e+03
2.500567237047665003e+03
2.510953949015653961e+03
2.521359125133762973e+03
2.531782739727919306e+03
2.542224767078555487e+03
2.552685181420677054e+03
2.563163956943925768e+03
2.573661067792640097e+03
2.584176488065923422e+03
2.594710191817706345e+03
2.605262153056806255e+03
2.615832345747000090e+03
2.626420743807079361e+03
2.637027321110922003e+03
2.647652051487553763e+03
2.658294908721209140e+03
2.668955866551401414e+03
2.679634898672988584e+03
2.690331978736230212e+03
2.701047080346858820e+03
2.711780177066144461e+03
2.722531242410957930e+03
2.733300249853838977e+03
2.744087172823057244e+03
2.754891984702681839e+03
2.765714658832643636e+03
2.776555168508806219e+03
2.787413486983025450e+03
2.798289587463220869e+03
2.809183443113435715e+03
2.820095027053911053e+03
2.831024312361143529e+03
2.841971272067957671e+03
2.852935879163572736e+03
2.863918106593665016e+03
2.874917927260436045e+03
2.885935314022682178e+03
2.896970239695856890e+03
2.908022677052145355e+03
2.919092598820520834e+03
2.930179977686821530e+03
2.941284786293812886e+03
2.952406997241257613e+03
2.963546583085980728e+03
2.974703516341938212e+03
2.985877769480287498e+03
2.997069314929452048e+03
3.008278125075187745e+03
3.019504172260657015e+03
3.030747428786493401e+03
3.042007866910865687e+03
3.053285458849558836e+03
3.064580176776027201e+03
3.075891992821473195e+03
3.087220879074913682e+03
3.098566807583247737e+03
3.109929750351324856e+03
3.121309679342020445e+03
3.132706566476292664e+03
3.144120383633265192e+03
3.155551102650286339e+03
3.166998695323003176e+03
3.178463133405434746e+03
3.189944388610030273e+03
3.201442432607752835e+03
3.212957237028136660e+03
3.224488773459369440e+03
3.236037013448350081e+03
3.247601928500766917e+03
3.259183490081166838e+03
3.270781669613023041e+03
3.282396438478809614e+03
3.294027768020066105e+03
3.305675629537474379e+03
3.317339994290926825e+03
3.329020833499597302e+03
3.340718118342008893e+03
3.352431819956112122e+03
3.364161909439351348e+03
3.375908357848736159e+03
3.387671136200914134e+03
3.399450215472240416e+03
3.411245566598851838e+03
3.423057160476738318e+03
3.434884967961811071e+03
3.446728959869980827e+03
3.458589106977222400e+03
3.470465380019652912e+03
3.482357749693603637e+03
3.494266186655683669e+03
3.506190661522865867e+03
3.518131144872548703e+03
3.530087607242634476e+03
3.542060019131597983e+03
3.554048350998563819e+03
3.566052573263374143e+03
3.578072656306667341e+03
3.590108570469945789e+03
3.602160286055652250e+03
3.614227773327241721e+03
3.626311002509255104e+03
3.638409943787394241e+03
3.650524567308593760e+03
3.662654843181092929e+03
3.674800741474513870e+03
3.686962232219932957e+03
3.699139285409952663e+03
3.711331870998780232e+03
3.723539958902297258e+03
3.735763518998137442e+03
3.748002521125757994e+03
3.760256935086519206e+03
3.772526730643749033e+03
3.784811877522829036e+03
3.797112345411262140e+03
3.809428103958748579e+03
3.821759122777261837e+03
3.834105371441124134e+03
3.846466819487080102e+03
3.858843436414369535e+03
3.871235191684810616e+03
3.883642054722866305e+03
3.896063994915722560e+03
3.908500981613371550e+03
3.920952984128670778e+03
3.933419971737436299e+03
3.945901913678509572e+03
3.958398779153832038e+03
3.970910537328524242e+03
3.983437157330961782e+03
3.995978608252852609e+03
4.008534859149309341e+03
4.021105879038930652e+03
4.033691636903870858e+03
4.046292101689924948e+03
4.058907242306597709e+03
4.071537027627186035e+03
4.084181426488851230e+03
4.096840407692699046e+03
4.109513940003854259e+03
4.122201992151541162e+03
4.134904532829156778e+03
4.147621530694350440e+03
4.160352954369101099e+03
4.173098772439792810e+03
4.185858953457294774e+03
4.198633465937036817e+03
4.211422278359090342e+03
4.224225359168240175e+03
4.237042676774069150e+03
4.249874199551030870e+03
4.262719895838531556e+03
4.275579733941003724e+03
4.288453682127989850e+03
4.301341708634216047e+03
4.314243781659673004e+03
4.327159869369695116e+03
4.340089939895034149e+03
4.353033961331943829e+03
4.365991901742254413e+03
4.378963729153456370e+03
4.391949411558771317e+03
4.404948916917239330e+03
4.417962213153792618e+03
4.430989268159336461e+03
4.444030049790828343e+03
4.457084525871358892e+03
4.470152664190228279e+03
4.483234432503024436e+03
4.496329798531711276e+03
4.509438729964697814e+03
4.522561194456921839e+03
4.535697159629933594e+03
4.548846593071969437e+03
4.562009462338036428e+03
4.575185734949988728e+03
4.588375378396612177e+03
4.601578360133699789e+03
4.614794647584132690e+03
4.628024208137968344e+03
4.641267009152508763e+03
4.654523017952387818e+03
4.667792201829653095e+03
4.681074528043842292e+03
4.694369963822068712e+03
4.707678476359095839e+03
4.721000032817426472e+03
4.734334600327376393e+03
4.747682145987158947e+03
4.761042636862965992e+03
4.774416039989048841e+03
4.787802322367798297e+03
4.801201450969831967e+03
4.814613392734063382e+03
4.828038114567796583e+03
4.841475583346804342e+03
4.854925765915402735e+03
4.868388629086541187e+03
4.881864139641880683e+03
4.895352264331876540e+03
4.908852969875862982e+03
4.922366222962128631e+03
4.935891990248003822e+03
4.949430238359943360e+03
4.962980933893605652e+03
4.976544043413937288e+03
4.990119533455256715e+03
5.003707370521331541e+03
5.017307521085466760e+03
5.030919951590585697e+03
5.044544628449312768e+03
5.058181518044054428e+03
5.071830586727084665e+03
5.085491800820628669e+03
5.099165126616941961e+03
5.112850530378397707e+03
5.126547978337566747e+03
5.140257436697304001e+03
5.153978871630830326e+03
5.167712249281814366e+03
5.181457535764458044e+03
5.195214697163581150e+03
5.208983699534703192e+03
5.222764508904126160e+03
5.236557091269021839e+03
5.250361412597510935e+03
5.264177438828754930e+03
5.278005135873027939e+03
5.291844469611812201e+03
5.305695405897878118e+03
5.319557910555366107e+03
5.333431949379875732e+03
5.347317488138546651e+03
5.361214492570140465e+03
5.375122928385132582e+03
5.389042761265792251e+03
5.402973956866267145e+03
5.416916480812669761e+03
5.430870298703160188e+03
5.444835376108033415e+03
5.458811678569801188e+03
5.472799171603280229e+03
5.486797820695676819e+03
5.500807591306669565e+03
5.514828448868495798e+03
5.528860358786037068e+03
5.542903286436906455e+03
5.556957197171531334e+03
5.571022056313238863e+03
5.585097829158343302e+03
5.599184480976230589e+03
5.613281977009442926e+03
5.627390282473768821e+03
5.641509362558320390e+03
5.655639182425631589e+03
5.669779707211731875e+03
5.683930902026239892e+03
5.698092731952448048e+03
5.712265162047405283e+03
5.726448157342008017e+03
5.740641682841084730e+03
5.754845703523481461e+03
5.769060184342145476e+03
5.783285090224218948e+03
5.797520386071122630e+03
5.811766036758637711e+03
5.826022007136994944e+03
5.840288262030968326e+03
5.854564766239949677e+03
5.868851484538046861e+03
5.883148381674160191e+03
5.897455422372084286e+03
5.911772571330575374e+03
5.926099793223456800e+03
5.940437052699691776e+03
5.954784314383477977e+03
5.969141542874342122e+03
5.983508702747207280e+03
5.997885758552500192e+03
6.012272674816225845e+03
6.026669416040063879e+03
6.041075946701448629e+03
6.055492231253660066e+03
6.069918234125916570e+03
6.084353919723451327e+03
6.098799252427610554e+03
6.113254196595935355e+03
6.127718716562254485e+03
6.142192776636764393e+03
6.156676341106129257e+03
6.171169374233555573e+03
6.185671840258892189e+03
6.200183703398712169e+03
6.214704927846400096e+03
6.229235477772243030e+03
6.243775317323523268e+03
6.258324410624594748e+03
6.272882721776984909e+03
6.287450214859474727e+03
6.302026853928187847e+03
6.316612603016686990e+03
6.331207426136050344e+03
6.345811287274973438e+03
6.360424150399843711e+03
6.375045979454846020e+03
6.389676738362037213e+03
6.404316391021440722e+03
6.418964901311139329e+03
6.433622233087358836e+03
6.448288350184557203e+03
6.462963216415517309e+03
6.477646795571434268e+03
6.492339051422006378e+03
6.507039947715524249e+03
6.521749448178950843e+03
6.536467516518030607e+03
6.551194116417362238e+03
6.565929211540493270e+03
6.580672765530011020e+03
6.595424742007633540e+03
6.610185104574293291e+03
6.624953816810237186e+03
6.639730842275101168e+03
6.654516144508019352e+03
6.669309687027696782e+03
6.684111433332511297e+03
6.698921346900593562e+03
6.713739391189927119e+03
6.728565529638433873e+03
6.743399725664057769e+03
6.758241942664872113e+03
6.773092144019150510e+03
6.787950293085468729e+03
6.802816353202797472e+03
6.817690287690578771e+03
6.832572059848833305e+03
6.847461632958238624e+03
6.862358970280227368e+03
6.877264035057072761e+03
6.892176790511981380e+03
6.907097199849187746e+03
6.922025226254032532e+03
6.936960832893075349e+03
6.951903982914156586e+03
6.966854639446522924e+03
6.981812765600878265e+03
6.996778324469516519e+03
7.011751279126376176e+03
7.026731592627158534e+03
7.041719228009400467e+03
7.056714148292578102e+03
7.071716316478188673e+03
7.086725695549850570e+03
7.101742248473385189e+03
7.116765938196916977e+03
7.131796727650960747e+03
7.146834579748510805e+03
7.161879457385139176e+03
7.176931323439079279e+03
7.191990140771322331e+03
7.207055872225711937e+03
7.222128480629027763e+03
7.237207928791083759e+03
7.252294179504813656e+03
7.267387195546371004e+03
7.282486939675214671e+03
7.297593374634203428e+03
7.312706463149686897e+03
7.327826167931598320e+03
7.342952451673543692e+03
7.358085277052899983e+03
7.373224606730898813e+03
7.388370403352730136e+03
7.403522629547620454e+03
7.418681247928934681e+03
7.433846221094267094e+03
7.449017511625526822e+03
7.464195082089046991e+03
7.479378895035652022e+03
7.494568913000772227e+03
7.509765098504527487e+03
7.524967414051816377e+03
7.540175822132414396e+03
7.555390285221064914e+03
7.570610765777568304e+03
7.585837226246881983e+03
7.601069629059205909e+03
7.616307936630077165e+03
7.631552111360464551e+03
7.646802115636863164e+03
7.662057911831378078e+03
7.677319462301831663e+03
7.692586729391838162e+03
7.707859675430916468e+03
7.723138262734566524e+03
7.738422453604371185e+03
7.753712210328092624e+03
7.769007495179748730e+03
7.784308270419725886e+03
7.799614498294862642e+03
7.814926141038540663e+03
7.830243160870781139e+03
7.845565519998343007e+03
7.860893180614804805e+03
7.876226104900668361e+03
7.891564255023446094e+03
7.906907593137757431e+03
7.922256081385419748e+03
7.937609681895542963e+03
7.952968356784624120e+03
7.968332068156640162e+03
7.983700778103138873e+03
7.999074448703338930e+03
8.014453042024213573e+03
8.029836520120592468e+03
8.045224845035256294e+03
8.060617978799018601e+03
8.076015883430834947e+03
8.091418520937886569e+03
8.106825853315674976e+03
8.122237842548121989e+03
8.137654450607653416e+03
8.153075639455304554e+03
8.168501371040803861e+03
8.183931607302674820e+03
8.199366310168323253e+03
8.214805441554133722e+03
8.230248963365564123e+03
8.245696837497243905e+03
8.261149025833057749e+03
8.276605490246249246e+03
8.292066192599508213e+03
8.307531094745070732e+03
8.323000158524808285e+03
8.338473345770325977e+03
8.353950618303053488e+03
8.369431937934341477e+03
8.384917266465552530e+03
8.400406565688157571e+03
8.415899797383835903e+03
8.431396923324557065e+03
8.446897905272686330e+03
8.462402704981072020e+03
8.477911284193145548e+03
8.493423604643008730e+03
8.508939628055535650e+03
8.524459316146463607e+03
8.539982630622485885e+03
8.555509533181348161e+03
8.571039985511944906e+03
8.586573949294410340e+03
8.602111386200214838e+03
8.617652257892259513e+03
8.633196526024970808e+03
8.648744152244395082e+03
8.664295098188289558e+03
8.679849325486224188e+03
8.695406795759674424e+03
8.710967470622108522e+03
8.726531311679089413e+03
8.742098280528371106e+03
8.757668338759986000e+03
8.773241447956346747e+03
8.788817569692337202e+03
8.804396665535405191e+03
8.819978697045666195e+03
8.835563625775987020e+03
8.851151413272089485e+03
8.866742021072637726e+03
8.882335410709341886e+03
8.897931543707043602e+03
8.913530381583819690e+03
8.929131885851069455e+03
8.944736018013616558e+03
8.960342739569796322e+03
8.975952012011559418e+03
8.991563796824559176e+03
9.007178055488255268e+03
9.022794749475993740e+03
9.038413840255121613e+03
9.054035289287066917e+03
9.069659058027438732e+03
9.085285107926127239e+03
9.100913400427385568e+03
9.116543896969944399e+03
9.132176558987086537e+03
9.147811347906754236e+03
9.163448225151649240e+03
9.179087152139309183e+03
9.194728090282220364e+03
9.210371000987906882e+03
9.226015845659025217e+03
9.241662585693458823e+03
9.257311182484414530e+03
9.272961597420520775e+03
9.288613791885916726e+03
9.304267727260352331e+03
9.319923364919279265e+03
9.335580666233954616e+03
9.351239592571524554e+03
9.366900105295129833e+03
9.382562165763994926e+03
9.398225735333524426e+03
9.413890775355404912e+03
9.429557247177688623e+03
9.445225112144895320e+03
9.460894331598112331e+03
9.476564866875080043e+03
9.492236679310293766e+03
9.507909730235100142e+03
9.523583980977784449e+03
9.539259392863676112e+03
9.554935927215239644e+03
9.570613545352165602e+03
9.586292208591474264e+03
9.601971878247608402e+03
9.617652515632524228e+03
9.633334082055787803e+03
9.649016538824682357e+03
9.664699847244284683e+03
9.680383968617576102e+03
9.696068864245527948e+03
9.711754495427203437e+03
9.727440823459852254e+03
9.743127809639001498e+03
9.758815415258557550e+03
9.774503601610895203e+03
9.790192329986957702e+03
9.805881561676351339e+03
9.821571257967441852e+03
9.837261380147443560e+03
9.852951889502528502e+03
9.868642747317902831e+03
9.884333914877923235e+03
9.900025353466175147e+03
9.915717024365576435e+03
9.931408888858473802e+03
9.947100908226735555e+03
9.962793043751848018e+03
9.978485256715010109e+03
9.994177508397227939e+03
1.000986976007941666e+04
1.002556197304248963e+04
1.004125410856745293e+04
1.005694612793550550e+04
1.007263799242813548e+04
1.008832966332720935e+04
1.010402110191507381e+04
1.011971226947464675e+04
1.013540312728951358e+04
1.015109363664403099e+04
1.016678375882340879e+04
1.018247345511381172e+04
1.019816268680245958e+04
1.021385141517771808e+04
1.022953960152918989e+04
1.024522720714782008e+04
1.026091419332598525e+04
1.027660052135758997e+04
1.029228615253816315e+04
1.030797104816495084e+04
1.032365516953701808e+04
1.033933847795533620e+04
1.035502093472288652e+04
1.037070250114474948e+04
1.038638313852820102e+04
1.040206280818281084e+04
1.041774147142053698e+04
1.043341908955582039e+04
1.044909562390567771e+04
1.046477103578980677e+04
1.048044528653066845e+04
1.049611833745359036e+04
1.051179014988686140e+04
1.052746068516182459e+04
1.054312990461297704e+04
1.055879776957805916e+04
1.057446424139815645e+04
1.059012928141779048e+04
1.060579285098501532e+04
1.062145491145151573e+04
1.063711542417269266e+04
1.065277435050777422e+04
1.066843165181990116e+04
1.068408728947621967e+04
1.069974122484798499e+04
1.071539341931065246e+04
1.073104383424396656e+04
1.074669243103207009e+04
1.076233917106359149e+04
1.077798401573173578e+04
1.079362692643438641e+04
1.080926786457420349e+04
1.082490679155870566e+04
1.084054366880038106e+04
1.085617845771677094e+04
1.087181111973057159e+04
1.088744161626972709e+04
1.090306990876752207e+04
1.091869595866268537e+04
1.093431972739947014e+04
1.094994117642776655e+04
1.096556026720318368e+04
1.098117696118715139e+04
1.099679121984701123e+04
1.101240300465611654e+04
1.102801227709392151e+04
1.104361899864608131e+04
1.105922313080454478e+04
1.107482463506765089e+04
1.109042347294021965e+04
1.110601960593365220e+04
1.112161299556602353e+04
1.113720360336217709e+04
1.115279139085382303e+04
1.116837631957962367e+04
1.118395835108530264e+04
1.119953744692372493e+04
1.121511356865500602e+04
1.123068667784659556e+04
1.124625673607337558e+04
1.126182370491775691e+04
1.127738754596977742e+04
1.129294822082718565e+04
1.130850569109554635e+04
1.132405991838832961e+04
1.133961086432700722e+04
1.135515849054115097e+04
1.137070275866851625e+04
1.138624363035515307e+04
1.140178106725548605e+04
1.141731503103241448e+04
1.143284548335741056e+04
1.144837238591060668e+04
1.146389570038089914e+04
1.147941538846603180e+04
1.149493141187269794e+04
1.151044373231663667e+04
1.152595231152272027e+04
1.154145711122505054e+04
1.155695809316705891e+04
1.157245521910159368e+04
1.158794845079102015e+04
1.160343775000730966e+04
1.161892307853213606e+04
1.163440439815697573e+04
1.164988167068318762e+04
1.166535485792212239e+04
1.168082392169521336e+04
1.169628882383406199e+04
1.171174952618054158e+04
1.172720599058688458e+04
1.174265817891578445e+04
1.175810605304048113e+04
1.177354957484486476e+04
1.178898870622355935e+04
1.180442340908202459e+04
1.181985364533664324e+04
1.183527937691482657e+04
1.185070056575509079e+04
1.186611717380716982e+04
1.188152916303209349e+04
1.189693649540229126e+04
1.191233913290168130e+04
1.192773703752577239e+04
1.194313017128173851e+04
1.195851849618853521e+04
1.197390197427698149e+04
1.198928056758985258e+04
1.200465423818197814e+04
1.202002294812033688e+04
1.203538665948414018e+04
1.205074533436493948e+04
1.206609893486670990e+04
1.208144742310595029e+04
1.209679076121176695e+04
1.211212891132598452e+04
1.212746183560321151e+04
1.214278949621097127e+04
1.215811185532975651e+04
1.217342887515314942e+04
1.218874051788790894e+04
1.220404674575405443e+04
1.221934752098497120e+04
1.223464280582749416e+04
1.224993256254200787e+04
1.226521675340253569e+04
1.228049534069683432e+04
1.229576828672648844e+04
1.231103555380700163e+04
1.232629710426788370e+04
1.234155290045275615e+04
1.235680290471943772e+04
1.237204707944003530e+04
1.238728538700104400e+04
1.240251778980342897e+04
1.241774425026273093e+04
1.243296473080914802e+04
1.244817919388763585e+04
1.246338760195799841e+04
1.247858991749497363e+04
1.249378610298834246e+04
1.250897612094300166e+04
1.252415993387906929e+04
1.253933750433197201e+04
1.255450879485254336e+04
1.256967376800710917e+04
1.258483238637758041e+04
1.259998461256154951e+04
1.261513040917238322e+04
1.263026973883930805e+04
1.264540256420751211e+04
1.266052884793822705e+04
1.267564855270882981e+04
1.269076164121292641e+04
1.270586807616045007e+04
1.272096782027775043e+04
1.273606083630768626e+04
1.275114708700971460e+04
1.276622653515998536e+04
1.278129914355144138e+04
1.279636487499388932e+04
1.281142369231411249e+04
1.282647555835595085e+04
1.284152043598039563e+04
1.285655828806568206e+04
1.287158907750738035e+04
1.288661276721848481e+04
1.290162932012951205e+04
1.291663869918858290e+04
1.293164086736152240e+04
1.294663578763194346e+04
1.296162342300134696e+04
1.297660373648920722e+04
1.299157669113306474e+04
1.300654224998861173e+04
1.302150037612979577e+04
1.303645103264890349e+04
1.305139418265664608e+04
1.306632978928226112e+04
1.308125781567359627e+04
1.309617822499720569e+04
1.311109098043843187e+04
1.312599604520150751e+04
1.314089338250964283e+04
1.315578295560510742e+04
1.317066472774933209e+04
1.318553866222299985e+04
1.320040472232612228e+04
1.321526287137815234e+04
1.323011307271805163e+04
1.324495528970439773e+04
1.325978948571546425e+04
1.327461562414932632e+04
1.328943366842392425e+04
1.330424358197718175e+04
1.331904532826708055e+04
1.333383887077175314e+04
1.334862417298957371e+04
1.336340119843925277e+04
1.337816991065991715e+04
1.339293027321120644e+04
1.340768224967336573e+04
1.342242580364732930e+04
1.343716089875481339e+04
1.345188749863840349e+04
1.346660556696164895e+04
1.348131506740914847e+04
1.349601596368664104e+04
1.351070821952109691e+04
1.352539179866080303e+04
1.354006666487545590e+04
1.355473278195625062e+04
1.356939011371597007e+04
1.358403862398907404e+04
1.359867827663178468e+04
1.361330903552218660e+04
1.362793086456030142e+04
1.364254372766818778e+04
1.365714758879002693e+04
1.367174241189220993e+04
1.368632816096342503e+04
1.370090480001475953e+04
1.371547229307976886e+04
1.373003060421457667e+04
1.374457969749796757e+04
1.375911953703146355e+04
1.377365008693942218e+04
1.378817131136912394e+04
1.380268317449085407e+04
1.381718564049799897e+04
1.383167867360713171e+04
1.384616223805809568e+04
1.386063629811410465e+04
1.387510081806181552e+04
1.388955576221142837e+04
1.390400109489677016e+04
1.391843678047538197e+04
1.393286278332860820e+04
1.394727906786168387e+04
1.396168559850382371e+04
1.397608233970831134e+04
1.399046925595257562e+04
1.400484631173830167e+04
1.401921347159149082e+04
1.403357070006256617e+04
1.404791796172645627e+04
1.406225522118268418e+04
1.407658244305544576e+04
1.409089959199370787e+04
1.410520663267128839e+04
1.411950352978695082e+04
1.413379024806448069e+04
1.414806675225278195e+04
1.416233300712595883e+04
1.417658897748341042e+04
1.419083462814989980e+04
1.420506992397566501e+04
1.421929482983648268e+04
1.423350931063377720e+04
1.424771333129468439e+04
1.426190685677215515e+04
1.427608985204503369e+04
1.429026228211814851e+04
1.430442411202239418e+04
1.431857530681482058e+04
1.433271583157872010e+04
1.434684565142370775e+04
1.436096473148581572e+04
1.437507303692757523e+04
1.438917053293810022e+04
1.440325718473317647e+04
1.441733295755534527e+04
1.443139781667399438e+04
1.444545172738543442e+04
1.445949465501299528e+04
1.447352656490710069e+04
1.448754742244536465e+04
1.450155719303266960e+04
1.451555584210124834e+04
1.452954333511078403e+04
1.454351963754847748e+04
1.455748471492914723e+04
1.457143853279530595e+04
1.458538105671724225e+04
1.459931225229312258e+04
1.461323208514905491e+04
1.462714052093918508e+04
1.464103752534578416e+04
1.465492306407932665e+04
1.466879710287857233e+04
1.468265960751066450e+04
1.469651054377119544e+04
1.471034987748431013e+04
1.472417757450277350e+04
1.473799360070807052e+04
1.475179792201047530e+04
1.476559050434914752e+04
1.477937131369220697e+04
1.479314031603682452e+04
1.480689747740930034e+04
1.482064276386515485e+04
1.483437614148920693e+04
1.484809757639565942e+04
1.486180703472817731e+04
1.487550448265998057e+04
1.488918988639392774e+04
1.490286321216258148e+04
1.491652442622832314e+04
1.493017349488340187e+04
1.494381038445004015e+04
1.495743506128051740e+04
1.497104749175723555e+04
1.498464764229281900e+04
1.499823547933018926e+04
1.501181096934265224e+04
1.502537407883397464e+04
1.503892477433847307e+04
1.505246302242109232e+04
1.506598878967749260e+04
1.507950204273412601e+04
1.509300274824832013e+04
1.510649087290836906e+04
1.511996638343360246e+04
1.513342924657447293e+04
1.514687942911264327e+04
1.516031689786106108e+04
1.517374161966404245e+04
1.518715356139735741e+04
1.520055268996831001e+04
1.521393897231581650e+04
1.522731237541048540e+04
1.524067286625471570e+04
1.525402041188275143e+04
1.526735497936078536e+04
1.528067653578703175e+04
1.529398504829180456e+04
1.530728048403760295e+04
1.532056281021919131e+04
1.533383199406368476e+04
1.534708800283061646e+04
1.536033080381203399e+04
1.537356036433257032e+04
1.538677665174952563e+04
1.539997963345296012e+04
1.541316927686574854e+04
1.542634554944368574e+04
1.543950841867555755e+04
1.545265785208321722e+04
1.546579381722166727e+04
1.547891628167914678e+04
1.549202521307720235e+04
1.550512057907077178e+04
1.551820234734826590e+04
1.553127048563164135e+04
1.554432496167648787e+04
1.555736574327210838e+04
1.557039279824158803e+04
1.558340609444188340e+04
1.559640559976390068e+04
1.560939128213256845e+04
1.562236310950692859e+04
1.563532104988020001e+04
1.564826507127987134e+04
1.566119514176777193e+04
1.567411122944015369e+04
1.568701330242777112e+04
1.569990132889595588e+04
1.571277527704469503e+04
1.572563511510871467e+04
1.573848081135755638e+04
1.575131233409564993e+04
1.576412965166240247e+04
1.577693273243226577e+04
1.578972154481482175e+04
1.580249605725485526e+04
1.581525623823243222e+04
1.582800205626298339e+04
1.584073347989737886e+04
1.585345047772199905e+04
1.586615301835882201e+04
1.587884107046549616e+04
1.589151460273541670e+04
1.590417358389780566e+04
1.591681798271778825e+04
1.592944776799646934e+04
1.594206290857100612e+04
1.595466337331469731e+04
1.596724913113704497e+04
1.597982015098384181e+04
1.599237640183724034e+04
1.600491785271584013e+04
1.601744447267475334e+04
1.602995623080568112e+04
1.604245309623700086e+04
1.605493503813383359e+04
1.606740202569811663e+04
1.607985402816869100e+04
1.609229101482136866e+04
1.610471295496901075e+04
1.611711981796160580e+04
1.612951157318633341e+04
1.614188819006766062e+04
1.615424963806740379e+04
1.616659588668479773e+04
1.617892690545659025e+04
1.619124266395709674e+04
1.620354313179829296e+04
1.621582827862987688e+04
1.622809807413934868e+04
1.624035248805208721e+04
1.625259149013142269e+04
1.626481505017870768e+04
1.627702313803340439e+04
1.628921572357313926e+04
1.630139277671379750e+04
1.631355426740957955e+04
1.632570016565308833e+04
1.633783044147540022e+04
1.634994506494613233e+04
1.636204400617352439e+04
1.637412723530450967e+04
1.638619472252478590e+04
1.639824643805889355e+04
1.641028235217028123e+04
1.642230243516140035e+04
1.643430665737374147e+04
1.644629498918794343e+04
1.645826740102385156e+04
1.647022386334058319e+04
1.648216434663661130e+04
1.649408882144984091e+04
1.650599725835766367e+04
1.651788962797704880e+04
1.652976590096460859e+04
1.654162604801667476e+04
1.655347003986935306e+04
1.656529784729862149e+04
1.657710944112038851e+04
1.658890479219056215e+04
1.660068387140513369e+04
1.661244664970023223e+04
1.662419309805221565e+04
1.663592318747772879e+04
1.664763688903377624e+04
1.665933417381779873e+04
1.667101501296774950e+04
1.668267937766214891e+04
1.669432723912016809e+04
1.670595856860169079e+04
1.671757333740740432e+04
1.672917151687884689e+04
1.674075307839848028e+04
1.675231799338978453e+04
1.676386623331730516e+04
1.677539776968671868e+04
1.678691257404493081e+04
1.679841061798012015e+04
1.680989187312182185e+04
1.682135631114099670e+04
1.683280390375009301e+04
1.684423462270312302e+04
1.685564843979573561e+04
1.686704532686527091e+04
1.687842525579085486e+04
1.688978819849344291e+04
1.690113412693590362e+04
1.691246301312308788e+04
1.692377482910189065e+04
1.693506954696132379e+04
1.694634713883259246e+04
1.695760757688914236e+04
1.696885083334676165e+04
1.698007688046361000e+04
1.699128569054032050e+04
1.700247723592005786e+04
1.701365148898856569e+04
1.702480842217427198e+04
1.703594800794832918e+04
1.704707021882468689e+04
1.705817502736017195e+04
1.706926240615454299e+04
1.708033232785055952e+04
1.709138476513405840e+04
1.710241969073401197e+04
1.711343707742259721e+04
1.712443689801526853e+04
1.713541912537081953e+04
1.714638373239144494e+04
1.715733069202282422e+04
1.716825997725416528e+04
1.717917156111829172e+04
1.719006541669170110e+04
1.720094151709462676e+04
1.721179983549111057e+04
1.722264034508906479e+04
1.723346301914034848e+04
1.724426783094081838e+04
1.725505475383040175e+04
1.726582376119316177e+04
1.727657482645737036e+04
1.728730792309555909e+04
1.729802302462459193e+04
1.730872010460574529e+04
1.731939913664473715e+04
1.733006009439183254e+04
1.734070295154187625e+04
1.735132768183438748e+04
1.736193425905358890e+04
1.737252265702850855e+04
1.738309284963301616e+04
1.739364481078589961e+04
1.740417851445093402e+04
1.741469393463692904e+04
1.742519104539781620e+04
1.743566982083269249e+04
1.744613023508588958e+04
1.745657226234705013e+04
1.746699587685117149e+04
1.747740105287868209e+04
1.748778776475550694e+04
1.749815598685311488e+04
1.750850569358860594e+04
1.751883685942475495e+04
1.752914945887007707e+04
1.753944346647889688e+04
1.754971885685141388e+04
1.755997560463375339e+04
1.757021368451803937e+04
1.758043307124244529e+04
1.759063373959127784e+04
1.760081566439501330e+04
1.761097882053037392e+04
1.762112318292039345e+04
1.763124872653446801e+04
1.764135542638841798e+04
1.765144325754456804e+04
1.766151219511177987e+04
1.767156221424554315e+04
1.768159329014800824e+04
1.769160539806806992e+04
1.770159851330142192e+04
1.771157261119060422e+04
1.772152766712509037e+04
1.773146365654132023e+04
1.774138055492277999e+04
1.775127833780005676e+04
1.776115698075089313e+04
1.777101645940025992e+04
1.778085674942039623e+04
1.779067782653090035e+04
1.780047966649875161e+04
1.781026224513840134e+04
1.782002553831181285e+04
1.782976952192854515e+04
1.783949417194577109e+04
1.784919946436838291e+04
1.785888537524902131e+04
1.786855188068814095e+04
1.787819895683407231e+04
1.788782657988308347e+04
1.789743472607943113e+04
1.790702337171542604e+04
1.791659249313148393e+04
1.792614206671619104e+04
1.793567206890635862e+04
1.794518247618708483e+04
1.795467326509180202e+04
1.796414441220234949e+04
1.797359589414901711e+04
1.798302768761061452e+04
1.799243976931452562e+04
1.800183211603675591e+04
1.801120470460200158e+04
1.802055751188370414e+04
1.802989051480410126e+04
1.803920369033429597e+04
1.804849701549430029e+04
1.805777046735309705e+04
1.806702402302869814e+04
1.807625765968819178e+04
1.808547135454781892e+04
1.809466508487300598e+04
1.810383882797843762e+04
1.811299256122810402e+04
1.812212626203535183e+04
1.813123990786296054e+04
1.814033347622317160e+04
1.814940694467776484e+04
1.815846029083810208e+04
1.816749349236518538e+04
1.817650652696970792e+04
1.818549937241212319e+04
1.819447200650267769e+04
1.820342440710148003e+04
1.821235655211856283e+04
1.822126841951391543e+04
1.823015998729755302e+04
1.823903123352956754e+04
1.824788213632018233e+04
1.825671267382979931e+04
1.826552282426907186e+04
1.827431256589892655e+04
1.828308187703065050e+04
1.829183073602592049e+04
1.830055912129686840e+04
1.830926701130613219e+04
1.831795438456689953e+04
1.832662121964297694e+04
1.833526749514882977e+04
1.834389318974964408e+04
1.835249828216136666e+04
1.836108275115076685e+04
1.836964657553549114e+04
1.837818973418410314e+04
1.838671220601615278e+04
1.839521397000220531e+04
1.840369500516391781e+04
1.841215529057407548e+04
1.842059480535663897e+04
1.842901352868681352e+04
1.843741143979108529e+04
1.844578851794727234e+04
1.845414474248458646e+04
1.846248009278367681e+04
1.847079454827667359e+04
1.847908808844725718e+04
1.848736069283068355e+04
1.849561234101386071e+04
1.850384301263537782e+04
1.851205268738557061e+04
1.852024134500655782e+04
1.852840896529229576e+04
1.853655552808863649e+04
1.854468101329336787e+04
1.855278540085625718e+04
1.856086867077912029e+04
1.856893080311584345e+04
1.857697177797246331e+04
1.858499157550718519e+04
1.859299017593045573e+04
1.860096755950499573e+04
1.860892370654585466e+04
1.861685859742046159e+04
1.862477221254866890e+04
1.863266453240279225e+04
1.864053553750768333e+04
1.864838520844075174e+04
1.865621352583201951e+04
1.866402047036417935e+04
1.867180602277262369e+04
1.867957016384551389e+04
1.868731287442380562e+04
1.869503413540131078e+04
1.870273392772473017e+04
1.871041223239371902e+04
1.871806903046091247e+04
1.872570430303198737e+04
1.873331803126570230e+04
1.874091019637394493e+04
1.874848077962177194e+04
1.875602976232746732e+04
1.876355712586257141e+04
1.877106285165194276e+04
1.877854692117379091e+04
1.878600931595972725e+04
1.879345001759480874e+04
1.880086900771758519e+04
1.880826626802013925e+04
1.881564178024813373e+04
1.882299552620085524e+04
1.883032748773125422e+04
1.883763764674600316e+04
1.884492598520552201e+04
1.885219248512403283e+04
1.885943712856960337e+04
1.886665989766418716e+04
1.887386077458366344e+04
1.888103974155788819e+04
1.888819678087073407e+04
1.889533187486013776e+04
1.890244500591812539e+04
1.890953615649087442e+04
1.891660530907875363e+04
1.892365244623635226e+04
1.893067755057253453e+04
1.893768060475047241e+04
1.894466159148770384e+04
1.895162049355615090e+04
1.895855729378217802e+04
1.896547197504662472e+04
1.897236452028486019e+04
1.897923491248680511e+04
1.898608313469698624e+04
1.899290917001456546e+04
1.899971300159339808e+04
1.900649461264205456e+04
1.901325398642386790e+04
1.901999110625697722e+04
1.902670595551436782e+04
1.903339851762390026e+04
1.904006877606835769e+04
1.904671671438548583e+04
1.905334231616803663e+04
1.905994556506378649e+04
1.906652644477560534e+04
1.907308493906147123e+04
1.907962103173451396e+04
1.908613470666306239e+04
1.909262594777067352e+04
1.909909473903617254e+04
1.910554106449369283e+04
1.911196490823270869e+04
1.911836625439807904e+04
1.912474508719008008e+04
1.913110139086443814e+04
1.913743514973238052e+04
1.914374634816065372e+04
1.915003497057157801e+04
1.915630100144306562e+04
1.916254442530866800e+04
1.916876522675761225e+04
1.917496339043483385e+04
1.918113890104100574e+04
1.918729174333258197e+04
1.919342190212183414e+04
1.919952936227687314e+04
1.920561410872170381e+04
1.921167612643623215e+04
1.921771540045633446e+04
1.922373191587385008e+04
1.922972565783665777e+04
1.923569661154866844e+04
1.924164476226989063e+04
1.924757009531644508e+04
1.925347259606060470e+04
1.925935224993082011e+04
1.926520904241176686e+04
1.927104295904435639e+04
1.927685398542578696e+04
1.928264210720955816e+04
1.928840731010551463e+04
1.929414957987987509e+04
1.929986890235525789e+04
1.930556526341071367e+04
1.931123864898175816e+04
1.931688904506039762e+04
1.932251643769516158e+04
1.932812081299113197e+04
1.933370215710997218e+04
1.933926045626994528e+04
1.934479569674596496e+04
1.935030786486959914e+04
1.935579694702911365e+04
1.936126292966949404e+04
1.936670579929247833e+04
1.937212554245656429e+04
1.937752214577706764e+04
1.938289559592611477e+04
1.938824587963269732e+04
1.939357298368267220e+04
1.939887689491880155e+04
1.940415760024078554e+04
1.940941508660525869e+04
1.941464934102583720e+04
1.941986035057313347e+04
1.942504810237478159e+04
1.943021258361545915e+04
1.943535378153690544e+04
1.944047168343795056e+04
1.944556627667451903e+04
1.945063754865968440e+04
1.945568548686364738e+04
1.946071007881378682e+04
1.946571131209466694e+04
1.947068917434805553e+04
1.947564365327293854e+04
1.948057473662554912e+04
1.948548241221937133e+04
1.949036666792516917e+04
1.949522749167098300e+04
1.950006487144216953e+04
1.950487879528139092e+04
1.950966925128865114e+04
1.951443622762128507e+04
1.951917971249399488e+04
1.952389969417884276e+04
1.952859616100526910e+04
1.953326910136010702e+04
1.953791850368757514e+04
1.954254435648930303e+04
1.954714664832433482e+04
1.955172536780911832e+04
1.955628050361753776e+04
1.956081204448089557e+04
1.956531997918793058e+04
1.956980429658480352e+04
1.957426498557511513e+04
1.957870203511989894e+04
1.958311543423761759e+04
1.958750517200415925e+04
1.959187123755284119e+04
1.959621362007440257e+04
1.960053230881698983e+04
1.960482729308614944e+04
1.960909856224483519e+04
1.961334610571337907e+04
1.961756991296947672e+04
1.962176997354818741e+04
1.962594627704191225e+04
1.963009881310036508e+04
1.963422757143057243e+04
1.963833254179682626e+04
1.964241371402068398e+04
1.964647107798092475e+04
1.965050462361353129e+04
1.965451434091165356e+04
1.965850021992556867e+04
1.966246225076265910e+04
1.966640042358735809e+04
1.967031472862112423e+04
1.967420515614237956e+04
1.967807169648646959e+04
1.968191434004560870e+04
1.968573307726882558e+04
1.968952789866190869e+04
1.969329879478733710e+04
1.969704575626421502e+04
1.970076877376820266e+04
1.970446783803144353e+04
1.970814293984247342e+04
1.971179407004614040e+04
1.971542121954352478e+04
1.971902437929182634e+04
1.972260354030426970e+04
1.972615869365000253e+04
1.972968983045397181e+04
1.973319694189680376e+04
1.973668001921468749e+04
1.974013905369922213e+04
1.974357403669728592e+04
1.974698495961087610e+04
1.975037181389695616e+04
1.975373459106728114e+04
1.975707328268821584e+04
1.976038788038054918e+04
1.976367837581928325e+04
1.976694476073344049e+04
1.977018702690580903e+04
1.977340516617273170e+04
1.977659917042383677e+04
1.977976903160177244e+04
1.978291474170192669e+04
1.978603629277212895e+04
1.978913367691233361e+04
1.979220688627427444e+04
1.979525591306111892e+04
1.979828074952708266e+04
1.980128138797703650e+04
1.980425782076607356e+04
1.980721004029907635e+04
1.981013803903021108e+04
1.981304180946245469e+04
1.981592134414703105e+04
1.981877663568285061e+04
1.982160767671590293e+04
1.982441445993861998e+04
1.982719697808917408e+04
1.982995522395076841e+04
1.983268919035084764e+04
1.983539887016028297e+04
1.983808425629248813e+04
1.984074534170249171e+04
1.984338211938592940e+04
1.984599458237798535e+04
1.984858272375227170e+04
1.985114653661959164e+04
1.985368601412667340e+04
1.985620114945477326e+04
1.985869193581820218e+04
1.986115836646275420e+04
1.986360043466400384e+04
1.986601813372550532e+04
1.986841145697685715e+04
1.987078039777160666e+04
1.987312494948503081e+04
1.987544510551173880e+04
1.987774085926309272e+04
1.988001220416444994e+04
1.988225913365216911e+04
1.988448164117042325e+04
1.988667972016773638e+04
1.988885336409324736e+04
1.989100256639271902e+04
1.989312732050416525e+04
1.989522761985317629e+04
1.989730345784784731e+04
1.989935482787325964e+04
1.990138172328554356e+04
1.990338413740541728e+04
1.990536206351115470e+04
1.990731549483097842e+04
1.990924442453476513e+04
1.991114884572500887e+04
1.991302875142697667e+04
1.991488413457797651e+04
1.991671498801562120e+04
1.991852130446499723e+04
1.992030307652461852e+04
1.992206029665102687e+04
1.992379295714188993e+04
1.992550105011744381e+04
1.992718456750004043e+04
1.992884350099166841e+04
1.993047784204909476e+04
1.993208758185643455e+04
1.993367271129480287e+04
1.993523322090868533e+04
1.993676910086859425e+04
1.993828034092958842e+04
1.993976693038508165e+04
1.994122885801529628e+04
1.994266611202972126e+04
1.994407868000263625e+04
1.994546654880086498e+04
1.994682970450252469e+04
1.994816813230555272e+04
1.994948181642450072e+04
1.995077073997371554e+04
1.995203488483497131e+04
1.995327423150695176e+04
1.995448875893375225e+04
1.995567844430887271e+04
1.995684326285064526e+04
1.995798318754400680e+04
1.995909818884279957e+04
1.996018823432523641e+04
1.996125328829381397e+04
1.996229331130892388e+04
1.996330825964289397e+04
1.996429808463809604e+04
1.996526273194867099e+04
1.996620214064020911e+04
1.996711624211479284e+04
1.996800495881976531e+04
1.996886820268646261e+04
1.996970587322864958e+04
1.997051785520777048e+04
1.997130401574059215e+04
1.997206420067992804e+04
1.997279823003409183e+04
1.997350589209458121e+04
1.997418693579514365e+04
1.997484106059695841e+04
1.997546790282525399e+04
1.997606701676214652e+04
1.997663784770794155e+04
1.997717969218361759e+04
1.997769163648558242e+04
1.997817245368520526e+04
1.997862045421857329e+04
1.997903270904649617e+04
1.997940837116425246e+04
1.997971411880619053e+04
1.998006409114370399e+04
1.998014383251316758e+04
1.998074316611218455e+04
1.998074545578135803e+04
1.998158200068857695e+04
1.998158201541125163e+04
1.998259441429642902e+04
1.998259441432682070e+04
1.998379377325871974e+04
1.998379377325873793e+04
1.998521909618151767e+04
1.998521909618151767e+04
1.998695654958319210e+04
1.998695654958319210e+04
1.998923814176912128e+04
1.998923814176912128e+04
