0.000000000000000000e+00 3.000000000000000000e+01
1.001001001001000992e-02 2.980177249627096003e+01
2.002002002002001985e-02 2.960355463998482861e+01
3.003003003003002977e-02 2.940535607858452138e+01
4.004004004004003969e-02 2.920718645951294334e+01
5.005005005005004615e-02 2.900905543021301014e+01
6.006006006006005954e-02 2.881097263812763387e+01
7.007007007007007293e-02 2.861294773069971598e+01
8.008008008008007939e-02 2.841499035537217921e+01
9.009009009009008584e-02 2.821711015958792501e+01
1.001001001001000923e-01 2.801931679078986903e+01
1.101101101101101126e-01 2.782161989642091982e+01
1.201201201201201191e-01 2.762402912392399301e+01
1.301301301301301394e-01 2.742655412074199361e+01
1.401401401401401459e-01 2.722920453431783017e+01
1.501501501501501523e-01 2.703199001209442542e+01
1.601601601601601588e-01 2.683492020151467727e+01
1.701701701701701652e-01 2.663800475002150137e+01
1.801801801801801717e-01 2.644125330505781335e+01
1.901901901901901781e-01 2.624467551406651467e+01
2.002002002002001846e-01 2.604828102449052452e+01
2.102102102102102188e-01 2.585207948377274434e+01
2.202202202202202252e-01 2.565608053935609689e+01
2.302302302302302317e-01 2.546029383868348717e+01
2.402402402402402382e-01 2.526472902919782015e+01
2.502502502502502724e-01 2.506939575834201150e+01
2.602602602602602788e-01 2.487430367355897687e+01
2.702702702702702853e-01 2.467946242229162479e+01
2.802802802802802917e-01 2.448488165198285671e+01
2.902902902902902982e-01 2.429057101007559538e+01
3.003003003003003046e-01 2.409654014401274935e+01
3.103103103103103111e-01 2.390279870123722006e+01
3.203203203203203175e-01 2.370935632919193026e+01
3.303303303303303240e-01 2.351622267531978494e+01
3.403403403403403304e-01 2.332340738706369265e+01
3.503503503503503369e-01 2.313092011186656904e+01
3.603603603603603434e-01 2.293877049717132266e+01
3.703703703703703498e-01 2.274696819042086560e+01
3.803803803803803563e-01 2.255552283905810285e+01
3.903903903903903627e-01 2.236444409052595717e+01
4.004004004004003692e-01 2.217374159226732999e+01
4.104104104104104311e-01 2.198342499172512987e+01
4.204204204204204376e-01 2.179350393634227245e+01
4.304304304304304440e-01 2.160398807356166984e+01
4.404404404404404505e-01 2.141488705082623412e+01
4.504504504504504570e-01 2.122621051557886673e+01
4.604604604604604634e-01 2.103796811526249044e+01
4.704704704704704699e-01 2.085016949732001024e+01
4.804804804804804763e-01 2.066282430919433466e+01
4.904904904904904828e-01 2.047594219832837581e+01
5.005005005005005447e-01 2.028953281216504578e+01
5.105105105105105512e-01 2.010360579814725668e+01
5.205205205205205576e-01 1.991817080371791349e+01
5.305305305305305641e-01 1.973323747631993541e+01
5.405405405405405705e-01 1.954881546339623100e+01
5.505505505505505770e-01 1.936491441238970168e+01
5.605605605605605835e-01 1.918154397074327377e+01
5.705705705705705899e-01 1.899871378589984516e+01
5.805805805805805964e-01 1.881643350530233150e+01
5.905905905905906028e-01 1.863471277639364132e+01
6.006006006006006093e-01 1.845356124661669384e+01
6.106106106106106157e-01 1.827298856341438693e+01
6.206206206206206222e-01 1.809300437422963981e+01
6.306306306306306286e-01 1.791361832650536456e+01
6.406406406406406351e-01 1.773484006768446619e+01
6.506506506506506415e-01 1.755667924520985679e+01
6.606606606606606480e-01 1.737914550652445200e+01
6.706706706706706544e-01 1.720224849907115683e+01
6.806806806806806609e-01 1.702599787029288336e+01
6.906906906906906674e-01 1.685040326763254015e+01
7.007007007007006738e-01 1.667547433853304994e+01
7.107107107107106803e-01 1.650122073043730708e+01
7.207207207207206867e-01 1.632765209078823077e+01
7.307307307307306932e-01 1.615477806702873309e+01
7.407407407407406996e-01 1.598260830660172438e+01
7.507507507507507061e-01 1.581115245695011140e+01
7.607607607607607125e-01 1.564042016551680803e+01
7.707707707707707190e-01 1.547042107974472458e+01
7.807807807807807254e-01 1.530116484707676960e+01
7.907907907907907319e-01 1.513266111495585875e+01
8.008008008008007383e-01 1.496491953082489879e+01
8.108108108108108558e-01 1.479794974212679826e+01
8.208208208208208623e-01 1.463176139630447636e+01
8.308308308308308687e-01 1.446636414080083810e+01
8.408408408408408752e-01 1.430176762305879201e+01
8.508508508508508816e-01 1.413798149052125375e+01
8.608608608608608881e-01 1.397501539063113007e+01
8.708708708708708945e-01 1.381287897083133664e+01
8.808808808808809010e-01 1.365158187856478200e+01
8.908908908908909074e-01 1.349113376127437292e+01
9.009009009009009139e-01 1.333154426640302859e+01
9.109109109109109204e-01 1.317282304139365401e+01
9.209209209209209268e-01 1.301497973368915595e+01
9.309309309309309333e-01 1.285802399073245539e+01
9.409409409409409397e-01 1.270196545996645376e+01
9.509509509509509462e-01 1.254681378883407028e+01
9.609609609609609526e-01 1.239257862477820993e+01
9.709709709709709591e-01 1.223926961524178303e+01
9.809809809809809655e-01 1.208689640766770346e+01
9.909909909909909720e-01 1.193546864949887976e+01
1.001001001001001089e+00 1.178499598665512949e+01
1.011011011011011096e+00 1.163548604391022678e+01
1.021021021021021102e+00 1.148694044047739915e+01
1.031031031031031109e+00 1.133935968523417692e+01
1.041041041041041115e+00 1.119274428705809576e+01
1.051051051051051122e+00 1.104709475482668424e+01
1.061061061061061128e+00 1.090241159741747801e+01
1.071071071071071135e+00 1.075869532370800918e+01
1.081081081081081141e+00 1.061594644257581166e+01
1.091091091091091148e+00 1.047416546289841577e+01
1.101101101101101154e+00 1.033335289355335540e+01
1.111111111111111160e+00 1.019350924341816800e+01
1.121121121121121167e+00 1.005463502137037679e+01
1.131131131131131173e+00 9.916730736287522774e+00
1.141141141141141180e+00 9.779796897047136284e+00
1.151151151151151186e+00 9.643834012526747657e+00
1.161161161161161193e+00 9.508842591603894334e+00
1.171171171171171199e+00 9.374823143156103100e+00
1.181181181181181206e+00 9.241776176060914949e+00
1.191191191191191212e+00 9.109702199195854888e+00
1.201201201201201219e+00 8.978601721438458583e+00
1.211211211211211225e+00 8.848475251666261698e+00
1.221221221221221231e+00 8.719323298756791019e+00
1.231231231231231238e+00 8.591146371587585762e+00
1.241241241241241244e+00 8.463944979036172711e+00
1.251251251251251251e+00 8.337719629980089309e+00
1.261261261261261257e+00 8.212470833296867667e+00
1.271271271271271264e+00 8.088199097864038123e+00
1.281281281281281270e+00 7.964904932559136341e+00
1.291291291291291277e+00 7.842588846259692659e+00
1.301301301301301283e+00 7.721251347843241852e+00
1.311311311311311290e+00 7.600892946187316035e+00
1.321321321321321296e+00 7.481514150169446431e+00
1.331331331331331302e+00 7.363115468667167818e+00
1.341341341341341309e+00 7.245697410558014084e+00
1.351351351351351315e+00 7.129260484719514679e+00
1.361361361361361322e+00 7.013805200029204379e+00
1.371371371371371328e+00 6.899332065364616184e+00
1.381381381381381335e+00 6.785841589603282209e+00
1.391391391391391341e+00 6.673334281622735453e+00
1.401401401401401348e+00 6.561810650300508918e+00
1.411411411411411354e+00 6.451271204514135604e+00
1.421421421421421361e+00 6.341716453141146737e+00
1.431431431431431367e+00 6.233146905059077092e+00
1.441441441441441373e+00 6.125563069145459671e+00
1.451451451451451380e+00 6.018965454277825700e+00
1.461461461461461386e+00 5.913354569333709065e+00
1.471471471471471393e+00 5.808730923190641882e+00
1.481481481481481399e+00 5.705095024726155373e+00
1.491491491491491406e+00 5.602447382817786981e+00
1.501501501501501412e+00 5.500788506343065265e+00
1.511511511511511419e+00 5.400118904179525003e+00
1.521521521521521425e+00 5.300439085204698308e+00
1.531531531531531432e+00 5.201749558296117293e+00
1.541541541541541438e+00 5.104050832331316734e+00
1.551551551551551444e+00 5.007343416187829632e+00
1.561561561561561451e+00 4.911627818743185436e+00
1.571571571571571457e+00 4.816904548874918035e+00
1.581581581581581464e+00 4.723174115460563982e+00
1.591591591591591470e+00 4.630437027377650949e+00
1.601601601601601477e+00 4.538693793503716378e+00
1.611611611611611705e+00 4.447944922716287053e+00
1.621621621621621712e+00 4.358190923892902191e+00
1.631631631631631718e+00 4.269432305911092129e+00
1.641641641641641725e+00 4.181669577648388092e+00
1.651651651651651731e+00 4.094903247982326633e+00
1.661661661661661737e+00 4.009133825790436312e+00
1.671671671671671744e+00 3.924361819950253238e+00
1.681681681681681750e+00 3.840587739339306861e+00
1.691691691691691757e+00 3.757812092835132400e+00
1.701701701701701763e+00 3.676035389315263302e+00
1.711711711711711770e+00 3.595258137657229902e+00
1.721721721721721776e+00 3.515480846738568310e+00
1.731731731731731783e+00 3.436704025436807086e+00
1.741741741741741789e+00 3.358928182629481896e+00
1.751751751751751796e+00 3.282153827194126183e+00
1.761761761761761802e+00 3.206381468008270286e+00
1.771771771771771808e+00 3.131611613949449424e+00
1.781781781781781815e+00 3.057844773895193935e+00
1.791791791791791821e+00 2.985081456723037707e+00
1.801801801801801828e+00 2.913322171310515074e+00
1.811811811811811834e+00 2.842567426535156816e+00
1.821821821821821841e+00 2.772817731274497266e+00
1.831831831831831847e+00 2.704073594406067205e+00
1.841841841841841854e+00 2.636335524807402297e+00
1.851851851851851860e+00 2.569604031356031548e+00
1.861861861861861867e+00 2.503879622929490179e+00
1.871871871871871873e+00 2.439162808405312077e+00
1.881881881881881879e+00 2.375454096661027581e+00
1.891891891891891886e+00 2.312753996574171911e+00
1.901901901901901892e+00 2.251063017022274959e+00
1.911911911911911899e+00 2.190381666882871059e+00
1.921921921921921905e+00 2.130710455033494544e+00
1.931931931931931912e+00 2.072049890351675305e+00
1.941941941941941918e+00 2.014400481714949454e+00
1.951951951951951925e+00 1.957762738000846658e+00
1.961961961961961931e+00 1.902137168086900143e+00
1.971971971971971938e+00 1.847524280850645351e+00
1.981981981981981944e+00 1.793924585169611952e+00
1.991991991991991950e+00 1.741338589921336055e+00
2.002002002002002179e+00 1.689766790134786145e+00
2.012012012012012185e+00 1.639206744944288197e+00
2.022022022022022192e+00 1.589649463115436090e+00
2.032032032032032198e+00 1.541085067106005901e+00
2.042042042042042205e+00 1.493503679373773263e+00
2.052052052052052211e+00 1.446895422376515139e+00
2.062062062062062218e+00 1.401250418572006495e+00
2.072072072072072224e+00 1.356558790418024074e+00
2.082082082082082231e+00 1.312810660372343285e+00
2.092092092092092237e+00 1.269996150892740427e+00
2.102102102102102243e+00 1.228105384436992020e+00
2.112112112112112250e+00 1.187128483462873474e+00
2.122122122122122256e+00 1.147055570428161086e+00
2.132132132132132263e+00 1.107876767790630490e+00
2.142142142142142269e+00 1.069582198008058427e+00
2.152152152152152276e+00 1.032161983538220085e+00
2.162162162162162282e+00 9.956062468388922060e-01
2.172172172172172289e+00 9.599051103678504226e-01
2.182182182182182295e+00 9.250486965828708108e-01
2.192192192192192302e+00 8.910271279417295576e-01
2.202202202202202308e+00 8.578305269022026280e-01
2.212212212212212314e+00 8.254490159220656542e-01
2.222222222222222321e+00 7.938727174590954894e-01
2.232232232232232327e+00 7.630917539710670994e-01
2.242242242242242334e+00 7.330962479157574485e-01
2.252252252252252340e+00 7.038763217509419468e-01
2.262262262262262347e+00 6.754220979343972253e-01
2.272272272272272353e+00 6.477236989238984721e-01
2.282282282282282360e+00 6.207712471772222074e-01
2.292292292292292366e+00 5.945548651521447292e-01
2.302302302302302373e+00 5.690646753064414476e-01
2.312312312312312379e+00 5.442908000978889937e-01
2.322322322322322385e+00 5.202233619842628887e-01
2.332332332332332392e+00 4.968524834233393195e-01
2.342342342342342398e+00 4.741682868728944178e-01
2.352352352352352405e+00 4.521608947907040932e-01
2.362362362362362411e+00 4.308204296345445883e-01
2.372372372372372418e+00 4.101370138621914796e-01
2.382382382382382424e+00 3.901007699314212318e-01
2.392392392392392431e+00 3.707018203000096435e-01
2.402402402402402437e+00 3.519302874257327352e-01
2.412412412412412444e+00 3.337762937663664720e-01
2.422422422422422450e+00 3.162299617796875406e-01
2.432432432432432456e+00 2.992814139234709625e-01
2.442442442442442463e+00 2.829207726554932023e-01
2.452452452452452469e+00 2.671381604335302806e-01
2.462462462462462476e+00 2.519236997153582180e-01
2.472472472472472482e+00 2.372675129587535070e-01
2.482482482482482489e+00 2.231597226214912522e-01
2.492492492492492495e+00 2.095904511613479460e-01
2.502502502502502502e+00 1.965498210360997755e-01
2.512512512512512508e+00 1.840279547035229002e-01
2.522522522522522515e+00 1.720149746213927300e-01
2.532532532532532521e+00 1.605010032474854520e-01
2.542542542542542527e+00 1.494761630395771701e-01
2.552552552552552534e+00 1.389305764554440437e-01
2.562562562562562540e+00 1.288543659528625929e-01
2.572572572572572547e+00 1.192376539896078391e-01
2.582582582582582553e+00 1.100705630234560806e-01
2.592592592592592560e+00 1.013432155121836153e-01
2.602602602602602566e+00 9.304573391356651957e-02
2.612612612612612573e+00 8.516824068538070280e-02
2.622622622622622579e+00 7.770085828540201911e-02
2.632632632632632586e+00 7.063370917140671112e-02
2.642642642642642592e+00 6.395691580117052188e-02
2.652652652652652598e+00 5.766060063246924994e-02
2.662662662662662605e+00 5.173488612308030365e-02
2.672672672672672611e+00 4.616989473077853789e-02
2.682682682682682618e+00 4.095574891333975120e-02
2.692692692692692624e+00 3.608257112854040827e-02
2.702702702702702631e+00 3.154048383415697376e-02
2.712712712712712637e+00 2.731960948796452460e-02
2.722722722722722644e+00 2.341007054773935891e-02
2.732732732732732650e+00 1.980198947125832998e-02
2.742742742742742657e+00 1.648548871629640367e-02
2.752752752752752663e+00 1.345069074063010017e-02
2.762762762762762669e+00 1.068771800203616174e-02
2.772772772772772676e+00 8.186692958288888100e-03
2.782782782782782682e+00 5.937738067165465594e-03
2.792792792792792689e+00 3.930975786442303388e-03
2.802802802802802695e+00 2.156528573893701228e-03
2.812812812812812702e+00 6.045188872976225980e-04
2.822822822822822708e+00 -7.349308155703004886e-04
2.832832832832832715e+00 -1.871698076935435218e-03
2.842842842842842721e+00 -2.815660439020262196e-03
2.852852852852852727e+00 -3.576695444049704520e-03
2.862862862862862734e+00 -4.164680634247019952e-03
2.872872872872872740e+00 -4.589493551836243412e-03
2.882882882882882747e+00 -4.861011739042631064e-03
2.892892892892892753e+00 -4.989112738088108401e-03
2.902902902902902760e+00 -4.983674091197709544e-03
2.912912912912912766e+00 -4.854573340595580433e-03
2.922922922922922773e+00 -4.611688028505200876e-03
2.932932932932932779e+00 -4.264895697151382947e-03
2.942942942942942786e+00 -3.824073888757162365e-03
2.952952952952952792e+00 -3.299100145547795293e-03
2.962962962962962798e+00 -2.699852009745651316e-03
2.972972972972972805e+00 -2.036207023574432284e-03
2.982982982982982811e+00 -1.318042729260948676e-03
2.992992992992992818e+00 -5.552366690264598503e-04
3.003003003003002824e+00 2.423776695616307764e-04
3.013013013013012831e+00 1.068375324037414186e-03
3.023023023023022837e+00 1.922109018576470410e-03
3.033033033033032844e+00 2.803491134658719908e-03
3.043043043043042850e+00 3.712434053764084030e-03
3.053053053053052857e+00 4.648850157372484346e-03
3.063063063063062863e+00 5.612651826963840039e-03
3.073073073073072869e+00 6.603751444018073763e-03
3.083083083083082876e+00 7.622061390015105568e-03
3.093093093093092882e+00 8.667494046434857241e-03
3.103103103103102889e+00 9.739961794757244495e-03
3.113113113113112895e+00 1.083937701646219692e-02
3.123123123123122902e+00 1.196565209302963111e-02
3.133133133133132908e+00 1.311869940593946883e-02
3.143143143143142915e+00 1.429843133667162668e-02
3.153153153153152921e+00 1.550476026670603164e-02
3.163163163163162928e+00 1.673759857752259855e-02
3.173173173173172934e+00 1.799685865060125789e-02
3.183183183183182940e+00 1.928245286742192449e-02
3.193193193193192947e+00 2.059429360946451321e-02
3.203203203203202953e+00 2.193229325820895623e-02
3.213213213213213404e+00 2.329636419513522738e-02
3.223223223223223410e+00 2.468641880172313050e-02
3.233233233233233417e+00 2.610236945945264633e-02
3.243243243243243423e+00 2.754412854980369321e-02
3.253253253253253430e+00 2.901160845425619639e-02
3.263263263263263436e+00 3.050472155429006724e-02
3.273273273273273443e+00 3.202338023138524142e-02
3.283283283283283449e+00 3.356749686702163032e-02
3.293293293293293456e+00 3.513698384267915920e-02
3.303303303303303462e+00 3.673175353983773594e-02
3.313313313313313468e+00 3.835171833997730317e-02
3.323323323323323475e+00 3.999679062457776185e-02
3.333333333333333481e+00 4.166688277511905458e-02
3.343343343343343488e+00 4.336190717308107540e-02
3.353353353353353494e+00 4.508177619994375995e-02
3.363363363363363501e+00 4.682640223718703698e-02
3.373373373373373507e+00 4.859569766629080745e-02
3.383383383383383514e+00 5.038957486873501396e-02
3.393393393393393520e+00 5.220794622599956442e-02
3.403403403403403527e+00 5.405072411956438755e-02
3.413413413413413533e+00 5.591782093090939126e-02
3.423423423423423539e+00 5.780914904151449735e-02
3.433433433433433546e+00 5.972462083285964840e-02
3.443443443443443552e+00 6.166414868642474539e-02
3.453453453453453559e+00 6.362764498368972399e-02
3.463463463463463565e+00 6.561502210613447128e-02
3.473473473473473572e+00 6.762619243523894375e-02
3.483483483483483578e+00 6.966106835248306317e-02
3.493493493493493585e+00 7.171956223934672359e-02
3.503503503503503591e+00 7.380158647730986066e-02
3.513513513513513598e+00 7.590705344785239617e-02
3.523523523523523604e+00 7.803587553245425190e-02
3.533533533533533610e+00 8.018796511259534965e-02
3.543543543543543617e+00 8.236323456975561119e-02
3.553553553553553623e+00 8.456159628541494444e-02
3.563563563563563630e+00 8.678296264105328506e-02
3.573573573573573636e+00 8.902724601815054095e-02
3.583583583583583643e+00 9.129435879818664779e-02
3.593593593593593649e+00 9.358421336264152735e-02
3.603603603603603656e+00 9.589672209299507366e-02
3.613613613613613662e+00 9.823179737072723627e-02
3.623623623623623669e+00 1.005893515773179231e-01
3.633633633633633675e+00 1.029692970942470698e-01
3.643643643643643681e+00 1.053715463029945842e-01
3.653653653653653688e+00 1.077960115850403744e-01
3.663663663663663694e+00 1.102426053218643898e-01
3.673673673673673701e+00 1.127112398949465244e-01
3.683683683683683707e+00 1.152018276857667278e-01
3.693693693693693714e+00 1.177142810758048941e-01
3.703703703703703720e+00 1.202485124465409450e-01
3.713713713713713727e+00 1.228044341794548577e-01
3.723723723723723733e+00 1.253819586560264709e-01
3.733733733733733740e+00 1.279809982577357341e-01
3.743743743743743746e+00 1.306014653660625691e-01
3.753753753753753752e+00 1.332432723624869253e-01
3.763763763763763759e+00 1.359063316284886969e-01
3.773773773773773765e+00 1.385905555455478333e-01
3.783783783783783772e+00 1.412958564951442009e-01
3.793793793793793778e+00 1.440221468587577491e-01
3.803803803803803785e+00 1.467693390178684276e-01
3.813813813813813791e+00 1.495373453539561026e-01
3.823823823823823798e+00 1.523260782485007236e-01
3.833833833833833804e+00 1.551354500829822125e-01
3.843843843843843811e+00 1.579653732388805187e-01
3.853853853853853817e+00 1.608157600976755086e-01
3.863863863863863823e+00 1.636865230408471039e-01
3.873873873873873830e+00 1.665775744498753097e-01
3.883883883883883836e+00 1.694888267062399367e-01
3.893893893893893843e+00 1.724201921914209901e-01
3.903903903903903849e+00 1.753715832868983360e-01
3.913913913913913856e+00 1.783429123741519240e-01
3.923923923923923862e+00 1.813340918346616759e-01
3.933933933933933869e+00 1.843450340499074858e-01
3.943943943943943875e+00 1.873756514013693031e-01
3.953953953953953881e+00 1.904258562705270219e-01
3.963963963963963888e+00 1.934955610388606195e-01
3.973973973973973894e+00 1.965846780878499345e-01
3.983983983983983901e+00 1.996931197989749163e-01
3.993993993993993907e+00 2.028207985537155422e-01
4.004004004004004358e+00 2.059676267335517896e-01
4.014014014014014364e+00 2.091335167199633860e-01
4.024024024024024371e+00 2.123183808944303363e-01
4.034034034034034377e+00 2.155221316384325625e-01
4.044044044044044384e+00 2.187446813334500140e-01
4.054054054054054390e+00 2.219859423609625571e-01
4.064064064064064397e+00 2.252458271024501690e-01
4.074074074074074403e+00 2.285242479393927162e-01
4.084084084084084409e+00 2.318211172532702036e-01
4.094094094094094416e+00 2.351363474255624419e-01
4.104104104104104422e+00 2.384698508377494641e-01
4.114114114114114429e+00 2.418215398713110809e-01
4.124124124124124435e+00 2.451913269077273805e-01
4.134134134134134442e+00 2.485791243284780627e-01
4.144144144144144448e+00 2.519848445150432159e-01
4.154154154154154455e+00 2.554083998489027341e-01
4.164164164164164461e+00 2.588497027115364557e-01
4.174174174174174468e+00 2.623086654844243304e-01
4.184184184184184474e+00 2.657852005490463632e-01
4.194194194194194480e+00 2.692792202868823370e-01
4.204204204204204487e+00 2.727906370794123125e-01
4.214214214214214493e+00 2.763193633081161837e-01
4.224224224224224500e+00 2.798653113544737892e-01
4.234234234234234506e+00 2.834283935999651338e-01
4.244244244244244513e+00 2.870085224260700008e-01
4.254254254254254519e+00 2.906056102142685060e-01
4.264264264264264526e+00 2.942195693460404327e-01
4.274274274274274532e+00 2.978503122028657857e-01
4.284284284284284539e+00 3.014977511662244036e-01
4.294294294294294545e+00 3.051617986175963471e-01
4.304304304304304551e+00 3.088423669384613435e-01
4.314314314314314558e+00 3.125393685102994534e-01
4.324324324324324564e+00 3.162527157145905155e-01
4.334334334334334571e+00 3.199823209328145346e-01
4.344344344344344577e+00 3.237280965464514049e-01
4.354354354354354584e+00 3.274899549369809093e-01
4.364364364364364590e+00 3.312678084858831640e-01
4.374374374374374597e+00 3.350615695746380629e-01
4.384384384384384603e+00 3.388711505847253891e-01
4.394394394394394610e+00 3.426964638976252586e-01
4.404404404404404616e+00 3.465374218948174545e-01
4.414414414414414622e+00 3.503939369577819263e-01
4.424424424424424629e+00 3.542659214679985125e-01
4.434434434434434635e+00 3.581532878069472181e-01
4.444444444444444642e+00 3.620559483561081038e-01
4.454454454454454648e+00 3.659738154969608970e-01
4.464464464464464655e+00 3.699068016109854917e-01
4.474474474474474661e+00 3.738548190796619486e-01
4.484484484484484668e+00 3.778177802844701616e-01
4.494494494494494674e+00 3.817955976068899693e-01
4.504504504504504681e+00 3.857881834284014322e-01
4.514514514514514687e+00 3.897954501304843333e-01
4.524524524524524693e+00 3.938173100946186223e-01
4.534534534534534700e+00 3.978536757022843040e-01
4.544544544544544706e+00 4.019044593349612171e-01
4.554554554554554713e+00 4.059695733741292001e-01
4.564564564564564719e+00 4.100489302012683135e-01
4.574574574574574726e+00 4.141424421978585069e-01
4.584584584584584732e+00 4.182500217453796187e-01
4.594594594594594739e+00 4.223715812253115987e-01
4.604604604604604745e+00 4.265070330191343406e-01
4.614614614614614752e+00 4.306562895083277942e-01
4.624624624624624758e+00 4.348192630743717979e-01
4.634634634634634764e+00 4.389958660987464123e-01
4.644644644644644771e+00 4.431860109629314759e-01
4.654654654654654777e+00 4.473896100484068272e-01
4.664664664664664784e+00 4.516065757366525824e-01
4.674674674674674790e+00 4.558368204091485243e-01
4.684684684684684797e+00 4.600802564473747136e-01
4.694694694694694803e+00 4.643367962328108778e-01
4.704704704704704810e+00 4.686063521469369664e-01
4.714714714714714816e+00 4.728888365712330955e-01
4.724724724724724823e+00 4.771841618871789925e-01
4.734734734734734829e+00 4.814922404762546071e-01
4.744744744744744835e+00 4.858129847199399443e-01
4.754754754754754842e+00 4.901463069997148425e-01
4.764764764764764848e+00 4.944921196970591959e-01
4.774774774774774855e+00 4.988503351934530650e-01
4.784784784784784861e+00 5.032208658703762882e-01
4.794794794794794868e+00 5.076036241093087042e-01
4.804804804804804874e+00 5.119985222917302625e-01
4.814814814814814881e+00 5.164054727991211902e-01
4.824824824824824887e+00 5.208243880129609371e-01
4.834834834834834894e+00 5.252551803147297305e-01
4.844844844844844900e+00 5.296977620859073532e-01
4.854854854854854906e+00 5.341520457079738105e-01
4.864864864864864913e+00 5.386179435624089962e-01
4.874874874874874919e+00 5.430953680306929154e-01
4.884884884884884926e+00 5.475842314943052402e-01
4.894894894894894932e+00 5.520844463347261977e-01
4.904904904904904939e+00 5.565959249334353487e-01
4.914914914914914945e+00 5.611185796719130314e-01
4.924924924924924952e+00 5.656523229316388068e-01
4.934934934934934958e+00 5.701970670940929020e-01
4.944944944944944965e+00 5.747527245407548779e-01
4.954954954954954971e+00 5.793192076531050727e-01
4.964964964964964977e+00 5.838964288126230473e-01
4.974974974974974984e+00 5.884843004007889178e-01
4.984984984984984990e+00 5.930827347990826892e-01
4.994994994994994997e+00 5.976916443889839226e-01
5.005005005005005003e+00 6.023109413494368569e-01
5.015015015015015010e+00 6.069405332010533449e-01
5.025025025025025016e+00 6.115803228061141850e-01
5.035035035035035023e+00 6.162302128243640764e-01
5.045045045045045029e+00 6.208901059155474966e-01
5.055055055055055035e+00 6.255599047394090340e-01
5.065065065065065042e+00 6.302395119556932768e-01
5.075075075075075048e+00 6.349288302241445914e-01
5.085085085085085055e+00 6.396277622045077882e-01
5.095095095095095061e+00 6.443362105565272335e-01
5.105105105105105068e+00 6.490540779399477378e-01
5.115115115115115074e+00 6.537812670145134453e-01
5.125125125125125081e+00 6.585176804399692774e-01
5.135135135135135087e+00 6.632632208760597115e-01
5.145145145145145094e+00 6.680177909825293359e-01
5.155155155155155100e+00 6.727812934191226280e-01
5.165165165165165106e+00 6.775536308455840651e-01
5.175175175175175113e+00 6.823347059216583466e-01
5.185185185185185119e+00 6.871244213070900608e-01
5.195195195195195126e+00 6.919226796616236852e-01
5.205205205205205132e+00 6.967293836450036970e-01
5.215215215215215139e+00 7.015444359169747957e-01
5.225225225225225145e+00 7.063677391372816805e-01
5.235235235235235152e+00 7.111991959656686069e-01
5.245245245245245158e+00 7.160387090618802741e-01
5.255255255255255165e+00 7.208861810856612706e-01
5.265265265265265171e+00 7.257415146967560737e-01
5.275275275275275177e+00 7.306046125549091608e-01
5.285285285285285184e+00 7.354753773198654532e-01
5.295295295295295190e+00 7.403537116513690952e-01
5.305305305305305197e+00 7.452395182091648973e-01
5.315315315315315203e+00 7.501326996529973368e-01
5.325325325325325210e+00 7.550331586426110020e-01
5.335335335335335216e+00 7.599407978377503703e-01
5.345345345345345223e+00 7.648555198981602521e-01
5.355355355355355229e+00 7.697772274835849027e-01
5.365365365365365236e+00 7.747058232537689104e-01
5.375375375375375242e+00 7.796412098684569747e-01
5.385385385385385248e+00 7.845832899873936839e-01
5.395395395395395255e+00 7.895319662703235153e-01
5.405405405405405261e+00 7.944871413769909463e-01
5.415415415415415268e+00 7.994487179671407873e-01
5.425425425425425274e+00 8.044165987005171825e-01
5.435435435435435281e+00 8.093906862368651645e-01
5.445445445445445287e+00 8.143708832359289884e-01
5.455455455455455294e+00 8.193570923574532427e-01
5.465465465465465300e+00 8.243492162611826268e-01
5.475475475475475307e+00 8.293471576068617290e-01
5.485485485485485313e+00 8.343508190542348046e-01
5.495495495495495319e+00 8.393601032630466641e-01
5.505505505505505326e+00 8.443749128930417847e-01
5.515515515515515332e+00 8.493951506039647548e-01
5.525525525525525339e+00 8.544207190555601628e-01
5.535535535535535345e+00 8.594515209075725970e-01
5.545545545545545352e+00 8.644874588197463128e-01
5.555555555555555358e+00 8.695284354518263426e-01
5.565565565565565365e+00 8.745743534635569416e-01
5.575575575575575371e+00 8.796251155146828093e-01
5.585585585585585378e+00 8.846806242649484231e-01
5.595595595595595384e+00 8.897407823740982602e-01
5.605605605605605390e+00 8.948054925018771311e-01
5.615615615615615397e+00 8.998746573080292910e-01
5.625625625625625403e+00 9.049481794522995504e-01
5.635635635635635410e+00 9.100259615944323865e-01
5.645645645645645416e+00 9.151079063941722769e-01
5.655655655655655423e+00 9.201939165112639207e-01
5.665665665665665429e+00 9.252838946054517955e-01
5.675675675675675436e+00 9.303777433364803784e-01
5.685685685685685442e+00 9.354753653640943689e-01
5.695695695695695449e+00 9.405766633480383554e-01
5.705705705705705455e+00 9.456815399480569262e-01
5.715715715715715461e+00 9.507898978238943366e-01
5.725725725725725468e+00 9.559016396352952860e-01
5.735735735735735474e+00 9.610166680420046958e-01
5.745745745745745481e+00 9.661348857037664883e-01
5.755755755755755487e+00 9.712561952803258070e-01
5.765765765765765494e+00 9.763804994314269070e-01
5.775775775775775500e+00 9.815077008168142658e-01
5.785785785785785507e+00 9.866377020962328048e-01
5.795795795795795513e+00 9.917704059294266683e-01
5.805805805805805520e+00 9.969057149761406666e-01
5.815815815815815526e+00 1.002043531896119388e+00
5.825825825825825532e+00 1.007183759349107310e+00
5.835835835835835539e+00 1.012326299994849022e+00
5.845845845845845545e+00 1.017471056493088888e+00
5.855855855855855552e+00 1.022617931503571942e+00
5.865865865865865558e+00 1.027766827686042106e+00
5.875875875875875565e+00 1.032917647700244412e+00
5.885885885885885571e+00 1.038070294205923227e+00
5.895895895895895578e+00 1.043224669862823140e+00
5.905905905905905584e+00 1.048380677330688737e+00
5.915915915915915591e+00 1.053538219269264609e+00
5.925925925925925597e+00 1.058697198338295120e+00
5.935935935935935603e+00 1.063857517197525304e+00
5.945945945945945610e+00 1.069019078506699305e+00
5.955955955955955616e+00 1.074181784925561711e+00
5.965965965965965623e+00 1.079345539113857333e+00
5.975975975975975629e+00 1.084510243731330537e+00
5.985985985985985636e+00 1.089675801437725688e+00
5.995995995995995642e+00 1.094842114892787821e+00
6.006006006006005649e+00 1.100009086756260857e+00
6.016016016016015655e+00 1.105176619687889827e+00
6.026026026026025662e+00 1.110344616347419100e+00
6.036036036036035668e+00 1.115512979394593707e+00
6.046046046046045674e+00 1.120681611489157570e+00
6.056056056056055681e+00 1.125850415290855722e+00
6.066066066066065687e+00 1.131019293459432307e+00
6.076076076076075694e+00 1.136188148654632357e+00
6.086086086086085700e+00 1.141356883536199796e+00
6.096096096096095707e+00 1.146525400763879654e+00
6.106106106106105713e+00 1.151693602997416743e+00
6.116116116116115720e+00 1.156861392896554763e+00
6.126126126126125726e+00 1.162028673121038747e+00
6.136136136136135732e+00 1.167195346330613948e+00
6.146146146146145739e+00 1.172361315185023622e+00
6.156156156156155745e+00 1.177526482344013026e+00
6.166166166166165752e+00 1.182690750467326968e+00
6.176176176176175758e+00 1.187854022214709593e+00
6.186186186186185765e+00 1.193016200245905267e+00
6.196196196196195771e+00 1.198177187220659246e+00
6.206206206206205778e+00 1.203336885798715894e+00
6.216216216216215784e+00 1.208495198639819135e+00
6.226226226226225791e+00 1.213652028403714223e+00
6.236236236236235797e+00 1.218807277750145301e+00
6.246246246246245803e+00 1.223960849338856960e+00
6.256256256256255810e+00 1.229112645829594008e+00
6.266266266266265816e+00 1.234262569882101257e+00
6.276276276276275823e+00 1.239410524156122406e+00
6.286286286286285829e+00 1.244556411311402488e+00
6.296296296296295836e+00 1.249700134007686536e+00
6.306306306306305842e+00 1.254841594904718471e+00
6.316316316316315849e+00 1.259980696662242661e+00
6.326326326326325855e+00 1.265117341940004803e+00
6.336336336336335862e+00 1.270251433397748153e+00
6.346346346346345868e+00 1.275382873695217745e+00
6.356356356356355874e+00 1.280511565492158388e+00
6.366366366366365881e+00 1.285637411448314449e+00
6.376376376376375887e+00 1.290760314223430516e+00
6.386386386386385894e+00 1.295880176477251178e+00
6.396396396396395900e+00 1.300996900869521022e+00
6.406406406406405907e+00 1.306110390059984416e+00
6.416416416416416801e+00 1.311220546708386392e+00
6.426426426426426808e+00 1.316327273474470871e+00
6.436436436436436814e+00 1.321430473017982665e+00
6.446446446446446821e+00 1.326530047998666362e+00
6.456456456456456827e+00 1.331625901076266549e+00
6.466466466466466834e+00 1.336717934910527594e+00
6.476476476476476840e+00 1.341806052161194307e+00
6.486486486486486847e+00 1.346890155488011054e+00
6.496496496496496853e+00 1.351970147550722645e+00
6.506506506506506859e+00 1.357045931009073891e+00
6.516516516516516866e+00 1.362117408522808493e+00
6.526526526526526872e+00 1.367184482751671482e+00
6.536536536536536879e+00 1.372247056355407668e+00
6.546546546546546885e+00 1.377305031993761197e+00
6.556556556556556892e+00 1.382358312326476657e+00
6.566566566566566898e+00 1.387406800013299302e+00
6.576576576576576905e+00 1.392450397713972610e+00
6.586586586586586911e+00 1.397489008088241835e+00
6.596596596596596918e+00 1.402522533795851567e+00
6.606606606606606924e+00 1.407550877496545727e+00
6.616616616616616930e+00 1.412573941850069348e+00
6.626626626626626937e+00 1.417591629516167240e+00
6.636636636636636943e+00 1.422603843154583547e+00
6.646646646646646950e+00 1.427610485425063080e+00
6.656656656656656956e+00 1.432611458987349984e+00
6.666666666666666963e+00 1.437606666501189512e+00
6.676676676676676969e+00 1.442596010626325587e+00
6.686686686686686976e+00 1.447579394022503241e+00
6.696696696696696982e+00 1.452556719349466618e+00
6.706706706706706989e+00 1.457527889266960308e+00
6.716716716716716995e+00 1.462492806434729342e+00
6.726726726726727001e+00 1.467451373512517643e+00
6.736736736736737008e+00 1.472403493160070242e+00
6.746746746746747014e+00 1.477349068037131508e+00
6.756756756756757021e+00 1.482288000803446026e+00
6.766766766766767027e+00 1.487220194118758609e+00
6.776776776776777034e+00 1.492145550642813179e+00
6.786786786786787040e+00 1.497063973035355211e+00
6.796796796796797047e+00 1.501975363956128406e+00
6.806806806806807053e+00 1.506879626064877353e+00
6.816816816816817060e+00 1.511776662021347528e+00
6.826826826826827066e+00 1.516666374485282631e+00
6.836836836836837072e+00 1.521548666116427473e+00
6.846846846846847079e+00 1.526423439574526641e+00
6.856856856856857085e+00 1.531290597519324947e+00
6.866866866866867092e+00 1.536150042610566091e+00
6.876876876876877098e+00 1.541001677507995327e+00
6.886886886886887105e+00 1.545845404871357243e+00
6.896896896896897111e+00 1.550681127360396427e+00
6.906906906906907118e+00 1.555508747634857247e+00
6.916916916916917124e+00 1.560328168354484291e+00
6.926926926926927131e+00 1.565139292179022146e+00
6.936936936936937137e+00 1.569942021768214957e+00
6.946946946946947143e+00 1.574736259781808201e+00
6.956956956956957150e+00 1.579521908879545578e+00
6.966966966966967156e+00 1.584298871721171897e+00
6.976976976976977163e+00 1.589067050966431971e+00
6.986986986986987169e+00 1.593826349275070164e+00
6.996996996996997176e+00 1.598576669306831066e+00
7.007007007007007182e+00 1.603317920751077930e+00
7.017017017017017189e+00 1.608050085868253820e+00
7.027027027027027195e+00 1.612773189731843582e+00
7.037037037037037202e+00 1.617487257968684755e+00
7.047047047047047208e+00 1.622192316205614437e+00
7.057057057057057214e+00 1.626888390069470613e+00
7.067067067067067221e+00 1.631575505187089936e+00
7.077077077077077227e+00 1.636253687185310390e+00
7.087087087087087234e+00 1.640922961690968629e+00
7.097097097097097240e+00 1.645583354330902193e+00
7.107107107107107247e+00 1.650234890731948623e+00
7.117117117117117253e+00 1.654877596520945238e+00
7.127127127127127260e+00 1.659511497324729357e+00
7.137137137137137266e+00 1.664136618770138076e+00
7.147147147147147273e+00 1.668752986484008716e+00
7.157157157157157279e+00 1.673360626093179260e+00
7.167167167167167285e+00 1.677959563224485917e+00
7.177177177177177292e+00 1.682549823504767339e+00
7.187187187187187298e+00 1.687131432560859956e+00
7.197197197197197305e+00 1.691704416019601087e+00
7.207207207207207311e+00 1.696268799507828495e+00
7.217217217217217318e+00 1.700824608652379277e+00
7.227227227227227324e+00 1.705371869080090974e+00
7.237237237237237331e+00 1.709910606417800683e+00
7.247247247247247337e+00 1.714440846292345499e+00
7.257257257257257343e+00 1.718962614330563632e+00
7.267267267267267350e+00 1.723475936159291289e+00
7.277277277277277356e+00 1.727980837405366676e+00
7.287287287287287363e+00 1.732477343695626892e+00
7.297297297297297369e+00 1.736965480656908811e+00
7.307307307307307376e+00 1.741445273916050418e+00
7.317317317317317382e+00 1.745916749099888809e+00
7.327327327327327389e+00 1.750379931835261083e+00
7.337337337337337395e+00 1.754834847749005222e+00
7.347347347347347402e+00 1.759281522467957881e+00
7.357357357357357408e+00 1.763719981618956378e+00
7.367367367367367414e+00 1.768150250828838477e+00
7.377377377377377421e+00 1.772572355724441273e+00
7.387387387387387427e+00 1.776986321932602308e+00
7.397397397397397434e+00 1.781392175080158458e+00
7.407407407407407440e+00 1.785789940793947705e+00
7.417417417417417447e+00 1.790179644700806705e+00
7.427427427427427453e+00 1.794561312427573663e+00
7.437437437437437460e+00 1.798934969601084788e+00
7.447447447447447466e+00 1.803300641848178287e+00
7.457457457457457473e+00 1.807658354795690814e+00
7.467467467467467479e+00 1.812008134070460574e+00
7.477477477477477485e+00 1.816350005299324222e+00
7.487487487487487492e+00 1.820683994109119297e+00
7.497497497497497498e+00 1.825010126126683119e+00
7.507507507507507505e+00 1.829328426978853006e+00
7.517517517517517511e+00 1.833638922292466278e+00
7.527527527527527518e+00 1.837941637694360253e+00
7.537537537537537524e+00 1.842236598811372472e+00
7.547547547547547531e+00 1.846523831270340033e+00
7.557557557557557537e+00 1.850803360698100475e+00
7.567567567567567544e+00 1.855075212721490674e+00
7.577577577577577550e+00 1.859339412967348393e+00
7.587587587587587556e+00 1.863595987062510728e+00
7.597597597597597563e+00 1.867844960633815221e+00
7.607607607607607569e+00 1.872086359308099413e+00
7.617617617617617576e+00 1.876320208712200399e+00
7.627627627627627582e+00 1.880546534472955278e+00
7.637637637637637589e+00 1.884765362217201146e+00
7.647647647647647595e+00 1.888976717571776209e+00
7.657657657657657602e+00 1.893180626163517122e+00
7.667667667667667608e+00 1.897377113619261424e+00
7.677677677677677615e+00 1.901566205565846879e+00
7.687687687687687621e+00 1.905747927630110139e+00
7.697697697697697627e+00 1.909922305438888523e+00
7.707707707707707634e+00 1.914089364619020017e+00
7.717717717717717640e+00 1.918249130797341495e+00
7.727727727727727647e+00 1.922401629600690276e+00
7.737737737737737653e+00 1.926546886655903901e+00
7.747747747747747660e+00 1.930684927589819688e+00
7.757757757757757666e+00 1.934815778029274735e+00
7.767767767767767673e+00 1.938939463601106361e+00
7.777777777777777679e+00 1.943056009932152328e+00
7.787787787787787686e+00 1.947165442649249512e+00
7.797797797797797692e+00 1.951267787379235674e+00
7.807807807807807698e+00 1.955363069748947691e+00
7.817817817817817705e+00 1.959451315385223324e+00
7.827827827827827711e+00 1.963532549914899228e+00
7.837837837837837718e+00 1.967606798964813830e+00
7.847847847847847724e+00 1.971674088161803340e+00
7.857857857857857731e+00 1.975734443132705742e+00
7.867867867867867737e+00 1.979787889504358356e+00
7.877877877877877744e+00 1.983834452903598056e+00
7.887887887887887750e+00 1.987874158957262827e+00
7.897897897897897757e+00 1.991907033292189766e+00
7.907907907907907763e+00 1.995933101535215748e+00
7.917917917917917769e+00 1.999952389313178092e+00
7.927927927927927776e+00 2.003964922252915226e+00
7.937937937937937782e+00 2.007970725981263360e+00
7.947947947947947789e+00 2.011969826125060479e+00
7.957957957957957795e+00 2.015962248311143679e+00
7.967967967967967802e+00 2.019948018166349613e+00
7.977977977977977808e+00 2.023927161317516710e+00
7.987987987987987815e+00 2.027899703391482511e+00
7.997997997997997821e+00 2.031865670015083225e+00
8.008008008008008716e+00 2.035825086815156837e+00
8.018018018018018722e+00 2.039777979418540443e+00
8.028028028028028729e+00 2.043724373452071141e+00
8.038038038038038735e+00 2.047664294542586028e+00
8.048048048048048742e+00 2.051597768316923975e+00
8.058058058058058748e+00 2.055524820401921193e+00
8.068068068068068754e+00 2.059445476424415222e+00
8.078078078078078761e+00 2.063359762011243159e+00
8.088088088088088767e+00 2.067267702789241657e+00
8.098098098098098774e+00 2.071169324385250032e+00
8.108108108108108780e+00 2.075064652426103606e+00
8.118118118118118787e+00 2.078953712538640808e+00
8.128128128128128793e+00 2.082836530349699178e+00
8.138138138138138800e+00 2.086713131486115369e+00
8.148148148148148806e+00 2.090583541574726922e+00
8.158158158158158813e+00 2.094447786242370935e+00
8.168168168168168819e+00 2.098305891115884947e+00
8.178178178178178825e+00 2.102157881822106944e+00
8.188188188188188832e+00 2.106003783987873135e+00
8.198198198198198838e+00 2.109843623240021948e+00
8.208208208208208845e+00 2.113677425205390037e+00
8.218218218218218851e+00 2.117505215510814498e+00
8.228228228228228858e+00 2.121327019783132872e+00
8.238238238238238864e+00 2.125142863649183145e+00
8.248248248248248871e+00 2.128952772735801524e+00
8.258258258258258877e+00 2.132756772669826439e+00
8.268268268268268884e+00 2.136554889078094543e+00
8.278278278278278890e+00 2.140347147587443377e+00
8.288288288288288896e+00 2.144133573824710481e+00
8.298298298298298903e+00 2.147914193416732509e+00
8.308308308308308909e+00 2.151689031990347889e+00
8.318318318318318916e+00 2.155458115172392830e+00
8.328328328328328922e+00 2.159221468589705317e+00
8.338338338338338929e+00 2.162979117869122891e+00
8.348348348348348935e+00 2.166731088637482205e+00
8.358358358358358942e+00 2.170477406521620356e+00
8.368368368368368948e+00 2.174218097148376216e+00
8.378378378378378954e+00 2.177953186144585107e+00
8.388388388388388961e+00 2.181682699137085901e+00
8.398398398398398967e+00 2.185406661752715252e+00
8.408408408408408974e+00 2.189125099618311143e+00
8.418418418418418980e+00 2.192838038360709785e+00
8.428428428428428987e+00 2.196545503606749161e+00
8.438438438438438993e+00 2.200247520983266813e+00
8.448448448448449000e+00 2.203944116117099838e+00
8.458458458458459006e+00 2.207635314635085777e+00
8.468468468468469013e+00 2.211321142164061726e+00
8.478478478478479019e+00 2.215001624330865226e+00
8.488488488488489025e+00 2.218676786762332931e+00
8.498498498498499032e+00 2.222346655085302825e+00
8.508508508508509038e+00 2.226011254926611560e+00
8.518518518518519045e+00 2.229670611913097567e+00
8.528528528528529051e+00 2.233324751671597941e+00
8.538538538538539058e+00 2.236973699828949336e+00
8.548548548548549064e+00 2.240617482011989736e+00
8.558558558558559071e+00 2.244256123847555351e+00
8.568568568568569077e+00 2.247889650962485497e+00
8.578578578578579084e+00 2.251518088983615495e+00
8.588588588588589090e+00 2.255141463537784219e+00
8.598598598598599096e+00 2.258759800251827432e+00
8.608608608608609103e+00 2.262373124752584008e+00
8.618618618618619109e+00 2.265981462666890600e+00
8.628628628628629116e+00 2.269584839621584305e+00
8.638638638638639122e+00 2.273183281243502663e+00
8.648648648648649129e+00 2.276776813159483659e+00
8.658658658658659135e+00 2.280365460996363058e+00
8.668668668668669142e+00 2.283949250380980178e+00
8.678678678678679148e+00 2.287528206940170783e+00
8.688688688688689155e+00 2.291102356300772414e+00
8.698698698698699161e+00 2.294671724089623055e+00
8.708708708708709167e+00 2.298236335933560248e+00
8.718718718718719174e+00 2.301796217459420646e+00
8.728728728728729180e+00 2.305351394294040901e+00
8.738738738738739187e+00 2.308901892064260331e+00
8.748748748748749193e+00 2.312447736396914699e+00
8.758758758758759200e+00 2.315988952918841104e+00
8.768768768768769206e+00 2.319525567256878418e+00
8.778778778778779213e+00 2.323057605037862405e+00
8.788788788788789219e+00 2.326585091888631496e+00
8.798798798798799226e+00 2.330108053436022786e+00
8.808808808808809232e+00 2.333626515306873372e+00
8.818818818818819238e+00 2.337140503128020352e+00
8.828828828828829245e+00 2.340650042526301267e+00
8.838838838838839251e+00 2.344155159128554100e+00
8.848848848848849258e+00 2.347655878561615506e+00
8.858858858858859264e+00 2.351152226452322580e+00
8.868868868868869271e+00 2.354644228427513308e+00
8.878878878878879277e+00 2.358131910114024787e+00
8.888888888888889284e+00 2.361615297138694114e+00
8.898898898898899290e+00 2.365094415128359273e+00
8.908908908908909297e+00 2.368569289709856029e+00
8.918918918918919303e+00 2.372039946510023700e+00
8.928928928928929309e+00 2.375506411155698494e+00
8.938938938938939316e+00 2.378968709273717952e+00
8.948948948948949322e+00 2.382426866490919615e+00
8.958958958958959329e+00 2.385880908434140135e+00
8.968968968968969335e+00 2.389330860730217942e+00
8.978978978978979342e+00 2.392776749005989245e+00
8.988988988988989348e+00 2.396218598888292473e+00
8.998998998998999355e+00 2.399656436003964277e+00
9.009009009009009361e+00 2.403090282238379505e+00
9.019019019019019368e+00 2.406520139240167389e+00
9.029029029029029374e+00 2.409946001847366848e+00
9.039039039039039380e+00 2.413367864892883574e+00
9.049049049049049387e+00 2.416785723209624148e+00
9.059059059059059393e+00 2.420199571630494262e+00
9.069069069069069400e+00 2.423609404988400051e+00
9.079079079079079406e+00 2.427015218116247652e+00
9.089089089089089413e+00 2.430417005846944090e+00
9.099099099099099419e+00 2.433814763013393723e+00
9.109109109109109426e+00 2.437208484448504020e+00
9.119119119119119432e+00 2.440598164985180674e+00
9.129129129129129439e+00 2.443983799456329375e+00
9.139139139139139445e+00 2.447365382694856706e+00
9.149149149149149451e+00 2.450742909533669245e+00
9.159159159159159458e+00 2.454116374805671796e+00
9.169169169169169464e+00 2.457485773343771829e+00
9.179179179179179471e+00 2.460851099980875034e+00
9.189189189189189477e+00 2.464212349549887104e+00
9.199199199199199484e+00 2.467569516883713732e+00
9.209209209209209490e+00 2.470922596815262384e+00
9.219219219219219497e+00 2.474271584177438310e+00
9.229229229229229503e+00 2.477616473803147201e+00
9.239239239239239510e+00 2.480957260525296526e+00
9.249249249249249516e+00 2.484293939176791088e+00
9.259259259259259522e+00 2.487626504590537913e+00
9.269269269269269529e+00 2.490954951599442690e+00
9.279279279279279535e+00 2.494279275036411558e+00
9.289289289289289542e+00 2.497599469734350208e+00
9.299299299299299548e+00 2.500915530526165220e+00
9.309309309309309555e+00 2.504227452244763175e+00
9.319319319319319561e+00 2.507535229723049319e+00
9.329329329329329568e+00 2.510838857793929346e+00
9.339339339339339574e+00 2.514138331290310724e+00
9.349349349349349581e+00 2.517433645045099144e+00
9.359359359359359587e+00 2.520724793891200299e+00
9.369369369369369593e+00 2.524011772661520325e+00
9.379379379379379600e+00 2.527294576188965802e+00
9.389389389389389606e+00 2.530573199306442422e+00
9.399399399399399613e+00 2.533847636846856766e+00
9.409409409409409619e+00 2.537117883643114080e+00
9.419419419419419626e+00 2.540383934528120502e+00
9.429429429429429632e+00 2.543645784334783500e+00
9.439439439439439639e+00 2.546903427896007877e+00
9.449449449449449645e+00 2.550156860044700213e+00
9.459459459459459651e+00 2.553406075613766646e+00
9.469469469469469658e+00 2.556651069436113755e+00
9.479479479479479664e+00 2.559891836344646343e+00
9.489489489489489671e+00 2.563128371172271436e+00
9.499499499499499677e+00 2.566360668751895169e+00
9.509509509509509684e+00 2.569588723916423234e+00
9.519519519519519690e+00 2.572812531498762212e+00
9.529529529529529697e+00 2.576032086331817350e+00
9.539539539539539703e+00 2.579247383248496117e+00
9.549549549549549710e+00 2.582458417081703761e+00
9.559559559559559716e+00 2.585665182664345974e+00
9.569569569569569722e+00 2.588867674829330223e+00
9.579579579579579729e+00 2.592065888409561314e+00
9.589589589589589735e+00 2.595259818237945826e+00
9.599599599599599742e+00 2.598449459147390339e+00
9.609609609609609748e+00 2.601634805970800102e+00
9.619619619619619755e+00 2.604815853541080806e+00
9.629629629629629761e+00 2.607992596691139919e+00
9.639639639639639768e+00 2.611165030253883579e+00
9.649649649649649774e+00 2.614333149062217032e+00
9.659659659659659781e+00 2.617496947949046859e+00
9.669669669669669787e+00 2.620656421747278308e+00
9.679679679679679793e+00 2.623811565289818848e+00
9.689689689689689800e+00 2.626962373409573281e+00
9.699699699699699806e+00 2.630108840939449077e+00
9.709709709709709813e+00 2.633250962712351484e+00
9.719719719719719819e+00 2.636388733561185749e+00
9.729729729729729826e+00 2.639522148318859340e+00
9.739739739739739832e+00 2.642651201818278395e+00
9.749749749749749839e+00 2.645775888892348604e+00
9.759759759759759845e+00 2.648896204373976104e+00
9.769769769769769852e+00 2.652012143096067032e+00
9.779779779779779858e+00 2.655123699891527078e+00
9.789789789789789864e+00 2.658230869593262824e+00
9.799799799799799871e+00 2.661333647034180405e+00
9.809809809809809877e+00 2.664432027047185070e+00
9.819819819819819884e+00 2.667526004465184286e+00
9.829829829829829890e+00 2.670615574121083746e+00
9.839839839839839897e+00 2.673700730847789142e+00
9.849849849849849903e+00 2.676781469478206610e+00
9.859859859859859910e+00 2.679857784845243174e+00
9.869869869869869916e+00 2.682929671781803194e+00
9.879879879879879923e+00 2.685997125120794582e+00
9.889889889889889929e+00 2.689060139695122142e+00
9.899899899899899935e+00 2.692118710337692455e+00
9.909909909909909942e+00 2.695172831881411213e+00
9.919919919919919948e+00 2.698222499159185883e+00
9.929929929929929955e+00 2.701267707003921270e+00
9.939939939939939961e+00 2.704308450248523954e+00
9.949949949949949968e+00 2.707344723725900071e+00
9.959959959959959974e+00 2.710376522268955313e+00
9.969969969969969981e+00 2.713403840710596260e+00
9.979979979979979987e+00 2.716426673883729048e+00
9.989989989989989994e+00 2.719445016621259370e+00
1.000000000000000000e+01 2.722458863756092917e+00
1.001001001001001001e+01 2.725468210121137158e+00
1.002002002002002001e+01 2.728473050549297341e+00
1.003003003003003002e+01 2.731473379873480045e+00
1.004004004004004003e+01 2.734469192926590964e+00
1.005005005005005003e+01 2.737460484541536232e+00
1.006006006006006004e+01 2.740447249551221542e+00
1.007007007007007005e+01 2.743429482788553919e+00
1.008008008008008005e+01 2.746407179086439054e+00
1.009009009009009006e+01 2.749380333277782640e+00
1.010010010010010006e+01 2.752348940195491700e+00
1.011011011011011007e+01 2.755312994672471039e+00
1.012012012012012008e+01 2.758272491541628124e+00
1.013013013013013008e+01 2.761227425635868205e+00
1.014014014014014009e+01 2.764177791788097860e+00
1.015015015015015010e+01 2.767123584831223226e+00
1.016016016016016010e+01 2.770064799598149996e+00
1.017017017017017011e+01 2.773001430921784305e+00
1.018018018018018012e+01 2.775933473635032289e+00
1.019019019019019012e+01 2.778860922570800085e+00
1.020020020020020013e+01 2.781783772561994272e+00
1.021021021021021014e+01 2.784702018441520988e+00
1.022022022022022014e+01 2.787615655042285479e+00
1.023023023023023015e+01 2.790524677197194325e+00
1.024024024024024015e+01 2.793429079739154108e+00
1.025025025025025016e+01 2.796328857501070075e+00
1.026026026026026017e+01 2.799224005315848363e+00
1.027027027027027017e+01 2.802114518016395994e+00
1.028028028028028018e+01 2.805000390435618218e+00
1.029029029029029019e+01 2.807881617406421615e+00
1.030030030030030019e+01 2.810758193761711432e+00
1.031031031031031020e+01 2.813630114334395138e+00
1.032032032032032021e+01 2.816497373957377981e+00
1.033033033033033021e+01 2.819359967463566541e+00
1.034034034034034022e+01 2.822217889685866510e+00
1.035035035035035023e+01 2.825071135457184024e+00
1.036036036036036023e+01 2.827919699610425663e+00
1.037037037037037024e+01 2.830763576978496676e+00
1.038038038038038025e+01 2.833602762394303198e+00
1.039039039039039025e+01 2.836437250690752698e+00
1.040040040040040026e+01 2.839267036700750424e+00
1.041041041041041026e+01 2.842092115257202067e+00
1.042042042042042027e+01 2.844912481193014209e+00
1.043043043043043028e+01 2.847728129341092984e+00
1.044044044044044028e+01 2.850539054534344086e+00
1.045045045045045029e+01 2.853345251605674537e+00
1.046046046046046030e+01 2.856146715387989143e+00
1.047047047047047030e+01 2.858943440714194928e+00
1.048048048048048031e+01 2.861735422417198027e+00
1.049049049049049032e+01 2.864522655329904133e+00
1.050050050050050032e+01 2.867305134285218937e+00
1.051051051051051033e+01 2.870082854116049464e+00
1.052052052052052034e+01 2.872855809655301851e+00
1.053053053053053034e+01 2.875623995735881788e+00
1.054054054054054035e+01 2.878387407190695413e+00
1.055055055055055035e+01 2.881146038852648417e+00
1.056056056056056036e+01 2.883899885554647824e+00
1.057057057057057037e+01 2.886648942129598883e+00
1.058058058058058037e+01 2.889393203410408173e+00
1.059059059059059038e+01 2.892132664229981831e+00
1.060060060060060039e+01 2.894867319421225993e+00
1.061061061061061039e+01 2.897597163817046351e+00
1.062062062062062040e+01 2.900322192250349485e+00
1.063063063063063041e+01 2.903042399554041531e+00
1.064064064064064041e+01 2.905757780561027737e+00
1.065065065065065042e+01 2.908468330104215571e+00
1.066066066066066043e+01 2.911174043016509838e+00
1.067067067067067043e+01 2.913874914130817562e+00
1.068068068068068044e+01 2.916570938280043990e+00
1.069069069069069045e+01 2.919262110297095703e+00
1.070070070070070045e+01 2.921948425014879280e+00
1.071071071071071046e+01 2.924629877266300415e+00
1.072072072072072046e+01 2.927306461884265243e+00
1.073073073073073047e+01 2.929978173701679900e+00
1.074074074074074048e+01 2.932645007551450078e+00
1.075075075075075048e+01 2.935306958266482358e+00
1.076076076076076049e+01 2.937964020679682431e+00
1.077077077077077050e+01 2.940616189623957322e+00
1.078078078078078050e+01 2.943263459932211834e+00
1.079079079079079051e+01 2.945905826437353436e+00
1.080080080080080052e+01 2.948543283972287377e+00
1.081081081081081052e+01 2.951175827369919791e+00
1.082082082082082053e+01 2.953803451463157259e+00
1.083083083083083054e+01 2.956426151084905474e+00
1.084084084084084054e+01 2.959043921068070127e+00
1.085085085085085055e+01 2.961656756245558686e+00
1.086086086086086056e+01 2.964264651450275956e+00
1.087087087087087056e+01 2.966867601515128516e+00
1.088088088088088057e+01 2.969465601273021615e+00
1.089089089089089057e+01 2.972058645556863166e+00
1.090090090090090058e+01 2.974646729199558415e+00
1.091091091091091059e+01 2.977229847034013499e+00
1.092092092092092059e+01 2.979807993893133666e+00
1.093093093093093060e+01 2.982381164609826385e+00
1.094094094094094061e+01 2.984949354016996903e+00
1.095095095095095061e+01 2.987512556947551801e+00
1.096096096096096062e+01 2.990070768234396326e+00
1.097097097097097063e+01 2.992623982710437502e+00
1.098098098098098063e+01 2.995172195208581467e+00
1.099099099099099064e+01 2.997715400561733468e+00
1.100100100100100065e+01 3.000253593602835167e+00
1.101101101101101065e+01 3.002786769210969542e+00
1.102102102102102066e+01 3.005314922402326783e+00
1.103103103103103066e+01 3.007838048218443916e+00
1.104104104104104067e+01 3.010356141700860189e+00
1.105105105105105068e+01 3.012869197891113071e+00
1.106106106106106068e+01 3.015377211830740922e+00
1.107107107107107069e+01 3.017880178561282545e+00
1.108108108108108070e+01 3.020378093124275853e+00
1.109109109109109070e+01 3.022870950561258319e+00
1.110110110110110071e+01 3.025358745913770075e+00
1.111111111111111072e+01 3.027841474223347706e+00
1.112112112112112072e+01 3.030319130531529570e+00
1.113113113113113073e+01 3.032791709879854469e+00
1.114114114114114074e+01 3.035259207309860319e+00
1.115115115115115074e+01 3.037721617863085477e+00
1.116116116116116075e+01 3.040178936581068303e+00
1.117117117117117076e+01 3.042631158505346711e+00
1.118118118118118076e+01 3.045078278677459949e+00
1.119119119119119077e+01 3.047520292138944598e+00
1.120120120120120077e+01 3.049957193931339017e+00
1.121121121121121078e+01 3.052388979096183785e+00
1.122122122122122079e+01 3.054815642675014153e+00
1.123123123123123079e+01 3.057237179709369812e+00
1.124124124124124080e+01 3.059653585240789564e+00
1.125125125125125081e+01 3.062064854310810436e+00
1.126126126126126081e+01 3.064470981960970786e+00
1.127127127127127082e+01 3.066871963232809861e+00
1.128128128128128083e+01 3.069267793167865133e+00
1.129129129129129083e+01 3.071658466807674959e+00
1.130130130130130084e+01 3.074043979193777698e+00
1.131131131131131085e+01 3.076424325367711265e+00
1.132132132132132085e+01 3.078799500371014464e+00
1.133133133133133086e+01 3.081169499245224319e+00
1.134134134134134086e+01 3.083534317031880523e+00
1.135135135135135087e+01 3.085893948772520989e+00
1.136136136136136088e+01 3.088248389508682745e+00
1.137137137137137088e+01 3.090597634281905481e+00
1.138138138138138089e+01 3.092941678133727113e+00
1.139139139139139090e+01 3.095280516105685553e+00
1.140140140140140090e+01 3.097614143239318274e+00
1.141141141141141091e+01 3.099942554576165854e+00
1.142142142142142092e+01 3.102265745157763988e+00
1.143143143143143092e+01 3.104583710025651921e+00
1.144144144144144093e+01 3.106896444221368458e+00
1.145145145145145094e+01 3.109203942786451069e+00
1.146146146146146094e+01 3.111506200762438556e+00
1.147147147147147095e+01 3.113803213190867947e+00
1.148148148148148096e+01 3.116094975113278931e+00
1.149149149149149096e+01 3.118381481571209424e+00
1.150150150150150097e+01 3.120662727606196896e+00
1.151151151151151097e+01 3.122938708259780149e+00
1.152152152152152098e+01 3.125209418573497988e+00
1.153153153153153099e+01 3.127474853588886994e+00
1.154154154154154099e+01 3.129735008347486858e+00
1.155155155155155100e+01 3.131989877890835938e+00
1.156156156156156101e+01 3.134239457260471262e+00
1.157157157157157101e+01 3.136483741497931632e+00
1.158158158158158102e+01 3.138722725644755851e+00
1.159159159159159103e+01 3.140956404742480945e+00
1.160160160160160103e+01 3.143184773832646162e+00
1.161161161161161104e+01 3.145407827956789859e+00
1.162162162162162105e+01 3.147625562156449064e+00
1.163163163163163105e+01 3.149837971473163911e+00
1.164164164164164106e+01 3.152045050948470983e+00
1.165165165165165106e+01 3.154246795623908195e+00
1.166166166166166107e+01 3.156443200541016125e+00
1.167167167167167108e+01 3.158634260741330468e+00
1.168168168168168108e+01 3.160819971266390471e+00
1.169169169169169109e+01 3.163000327157734937e+00
1.170170170170170110e+01 3.165175323456901335e+00
1.171171171171171110e+01 3.167344955205428025e+00
1.172172172172172111e+01 3.169509217444853366e+00
1.173173173173173112e+01 3.171668105216715716e+00
1.174174174174174112e+01 3.173821613562552990e+00
1.175175175175175113e+01 3.175969737523903547e+00
1.176176176176176114e+01 3.178112472142305744e+00
1.177177177177177114e+01 3.180249812459298386e+00
1.178178178178178115e+01 3.182381753516418055e+00
1.179179179179179116e+01 3.184508290355204441e+00
1.180180180180180116e+01 3.186629418017195459e+00
1.181181181181181117e+01 3.188745131543929023e+00
1.182182182182182117e+01 3.190855425976943494e+00
1.183183183183183118e+01 3.192960296357777228e+00
1.184184184184184119e+01 3.195059737727968585e+00
1.185185185185185119e+01 3.197153745129055480e+00
1.186186186186186120e+01 3.199242313602576271e+00
1.187187187187187121e+01 3.201325438190069317e+00
1.188188188188188121e+01 3.203403113933072532e+00
1.189189189189189122e+01 3.205475335873124276e+00
1.190190190190190123e+01 3.207542099051762907e+00
1.191191191191191123e+01 3.209603398510527228e+00
1.192192192192192124e+01 3.211659229290954265e+00
1.193193193193193125e+01 3.213709586434582821e+00
1.194194194194194125e+01 3.215754464982951255e+00
1.195195195195195126e+01 3.217793859977597926e+00
1.196196196196196126e+01 3.219827766460060303e+00
1.197197197197197127e+01 3.221856179471878079e+00
1.198198198198198128e+01 3.223879094054587835e+00
1.199199199199199128e+01 3.225896505249728374e+00
1.200200200200200129e+01 3.227908408098838944e+00
1.201201201201201130e+01 3.229914797643456126e+00
1.202202202202202130e+01 3.231915668925119611e+00
1.203203203203203131e+01 3.233911016985366427e+00
1.204204204204204132e+01 3.235900836865735375e+00
1.205205205205205132e+01 3.237885123607765259e+00
1.206206206206206133e+01 3.239863872252993104e+00
1.207207207207207134e+01 3.241837077842957715e+00
1.208208208208208134e+01 3.243804735419198337e+00
1.209209209209209135e+01 3.245766840023251110e+00
1.210210210210210136e+01 3.247723386696655723e+00
1.211211211211211136e+01 3.249674370480950536e+00
1.212212212212212137e+01 3.251619786417673019e+00
1.213213213213213137e+01 3.253559629548361976e+00
1.214214214214214138e+01 3.255493894914554875e+00
1.215215215215215139e+01 3.257422577557790966e+00
1.216216216216216139e+01 3.259345672519607717e+00
1.217217217217217140e+01 3.261263174841543488e+00
1.218218218218218141e+01 3.263175079565137082e+00
1.219219219219219141e+01 3.265081381731926413e+00
1.220220220220220142e+01 3.266982076383448952e+00
1.221221221221221143e+01 3.268877158561243945e+00
1.222222222222222143e+01 3.270766623306849752e+00
1.223223223223223144e+01 3.272650465661803398e+00
1.224224224224224145e+01 3.274528680667644132e+00
1.225225225225225145e+01 3.276401263365909866e+00
1.226226226226226146e+01 3.278268208798138961e+00
1.227227227227227146e+01 3.280129512005869330e+00
1.228228228228228147e+01 3.281985168030639777e+00
1.229229229229229148e+01 3.283835171913988216e+00
1.230230230230230148e+01 3.285679518697453005e+00
1.231231231231231149e+01 3.287518203422571617e+00
1.232232232232232150e+01 3.289351221130882852e+00
1.233233233233233150e+01 3.291178566863925514e+00
1.234234234234234151e+01 3.293000235663237074e+00
1.235235235235235152e+01 3.294816222570355890e+00
1.236236236236236152e+01 3.296626522626820766e+00
1.237237237237237153e+01 3.298431130874169170e+00
1.238238238238238154e+01 3.300230042353939464e+00
1.239239239239239154e+01 3.302023252107670448e+00
1.240240240240240155e+01 3.303810755176900038e+00
1.241241241241241156e+01 3.305592546603166149e+00
1.242242242242242156e+01 3.307368621428007138e+00
1.243243243243243157e+01 3.309138974692961366e+00
1.244244244244244157e+01 3.310903601439567190e+00
1.245245245245245158e+01 3.312662496709363413e+00
1.246246246246246159e+01 3.314415655543887063e+00
1.247247247247247159e+01 3.316163072984676496e+00
1.248248248248248160e+01 3.317904744073271406e+00
1.249249249249249161e+01 3.319640663851207485e+00
1.250250250250250161e+01 3.321370827360025757e+00
1.251251251251251162e+01 3.323095229641262360e+00
1.252252252252252163e+01 3.324813865736456542e+00
1.253253253253253163e+01 3.326526730687147104e+00
1.254254254254254164e+01 3.328233819534870186e+00
1.255255255255255165e+01 3.329935127321165922e+00
1.256256256256256165e+01 3.331630649087572227e+00
1.257257257257257166e+01 3.333320379875626571e+00
1.258258258258258167e+01 3.335004314726867758e+00
1.259259259259259167e+01 3.336682448682834146e+00
1.260260260260260168e+01 3.338354776785063649e+00
1.261261261261261168e+01 3.340021294075095071e+00
1.262262262262262169e+01 3.341681995594465437e+00
1.263263263263263170e+01 3.343336876384713996e+00
1.264264264264264170e+01 3.344985931487379105e+00
1.265265265265265171e+01 3.346629155943998235e+00
1.266266266266266172e+01 3.348266544796109745e+00
1.267267267267267172e+01 3.349898093085252881e+00
1.268268268268268173e+01 3.351523795852964671e+00
1.269269269269269174e+01 3.353143648140783473e+00
1.270270270270270174e+01 3.354757644990248533e+00
1.271271271271271175e+01 3.356365781442896878e+00
1.272272272272272176e+01 3.357968052540267312e+00
1.273273273273273176e+01 3.359564453323898636e+00
1.274274274274274177e+01 3.361154978835327434e+00
1.275275275275275177e+01 3.362739624116093395e+00
1.276276276276276178e+01 3.364318384207734880e+00
1.277277277277277179e+01 3.365891254151788914e+00
1.278278278278278179e+01 3.367458228989794744e+00
1.279279279279279180e+01 3.369019303763290285e+00
1.280280280280280181e+01 3.370574473513813452e+00
1.281281281281281181e+01 3.372123733282903491e+00
1.282282282282282360e+01 3.373667078112097428e+00
1.283283283283283360e+01 3.375204503042933624e+00
1.284284284284284361e+01 3.376736003116951323e+00
1.285285285285285362e+01 3.378261573375687110e+00
1.286286286286286362e+01 3.379781208860680675e+00
1.287287287287287363e+01 3.381294904613470820e+00
1.288288288288288364e+01 3.382802655675593684e+00
1.289289289289289364e+01 3.384304457088588514e+00
1.290290290290290365e+01 3.385800303893994112e+00
1.291291291291291365e+01 3.387290191133347506e+00
1.292292292292292366e+01 3.388774113848188385e+00
1.293293293293293367e+01 3.390252067080054221e+00
1.294294294294294367e+01 3.391724045870482929e+00
1.295295295295295368e+01 3.393190045261012866e+00
1.296296296296296369e+01 3.394650060293182392e+00
1.297297297297297369e+01 3.396104086008529865e+00
1.298298298298298370e+01 3.397552117448594089e+00
1.299299299299299371e+01 3.398994149654912089e+00
1.300300300300300371e+01 3.400430177803840603e+00
1.301301301301301372e+01 3.401860207502599209e+00
1.302302302302302373e+01 3.403284262039450780e+00
1.303303303303303373e+01 3.404702366415335746e+00
1.304304304304304374e+01 3.406114545631195423e+00
1.305305305305305374e+01 3.407520824687970240e+00
1.306306306306306375e+01 3.408921228586601959e+00
1.307307307307307376e+01 3.410315782328030565e+00
1.308308308308308376e+01 3.411704510913198263e+00
1.309309309309309377e+01 3.413087439343044593e+00
1.310310310310310378e+01 3.414464592618510874e+00
1.311311311311311378e+01 3.415835995740539310e+00
1.312312312312312379e+01 3.417201673710068999e+00
1.313313313313313380e+01 3.418561651528042589e+00
1.314314314314314380e+01 3.419915954195399621e+00
1.315315315315315381e+01 3.421264606713081857e+00
1.316316316316316382e+01 3.422607634082030170e+00
1.317317317317317382e+01 3.423945061303185433e+00
1.318318318318318383e+01 3.425276913377488519e+00
1.319319319319319384e+01 3.426603215305880745e+00
1.320320320320320384e+01 3.427923992089301652e+00
1.321321321321321385e+01 3.429239268728694334e+00
1.322322322322322385e+01 3.430549070224998776e+00
1.323323323323323386e+01 3.431853421579155405e+00
1.324324324324324387e+01 3.433152347792105985e+00
1.325325325325325387e+01 3.434445873864791388e+00
1.326326326326326388e+01 3.435734024798151598e+00
1.327327327327327389e+01 3.437016825593128377e+00
1.328328328328328389e+01 3.438294301250663487e+00
1.329329329329329390e+01 3.439566476771695580e+00
1.330330330330330391e+01 3.440833377157168194e+00
1.331331331331331391e+01 3.442095027408020425e+00
1.332332332332332392e+01 3.443351452525194478e+00
1.333333333333333393e+01 3.444602677509630340e+00
1.334334334334334393e+01 3.445848727362269770e+00
1.335335335335335394e+01 3.447089627084052754e+00
1.336336336336336394e+01 3.448325401675921498e+00
1.337337337337337395e+01 3.449556076138815985e+00
1.338338338338338396e+01 3.450781675473676646e+00
1.339339339339339396e+01 3.452002224681446574e+00
1.340340340340340397e+01 3.453217748763064865e+00
1.341341341341341398e+01 3.454428272719472393e+00
1.342342342342342398e+01 3.455633821551611806e+00
1.343343343343343399e+01 3.456834420260422647e+00
1.344344344344344400e+01 3.458030093846846231e+00
1.345345345345345400e+01 3.459220867311822989e+00
1.346346346346346401e+01 3.460406765656295125e+00
1.347347347347347402e+01 3.461587813881202180e+00
1.348348348348348402e+01 3.462764036987485916e+00
1.349349349349349403e+01 3.463935459976087206e+00
1.350350350350350404e+01 3.465102107847947366e+00
1.351351351351351404e+01 3.466264005604005938e+00
1.352352352352352405e+01 3.467421178245206015e+00
1.353353353353353405e+01 3.468573650772486694e+00
1.354354354354354406e+01 3.469721448186789736e+00
1.355355355355355407e+01 3.470864595489056459e+00
1.356356356356356407e+01 3.472003117680227291e+00
1.357357357357357408e+01 3.473137039761243106e+00
1.358358358358358409e+01 3.474266386733044776e+00
1.359359359359359409e+01 3.475391183596574063e+00
1.360360360360360410e+01 3.476511455352770508e+00
1.361361361361361411e+01 3.477627227002576316e+00
1.362362362362362411e+01 3.478738523546932360e+00
1.363363363363363412e+01 3.479845369986778625e+00
1.364364364364364413e+01 3.480947791323057317e+00
1.365365365365365413e+01 3.482045812556708864e+00
1.366366366366366414e+01 3.483139458688673695e+00
1.367367367367367414e+01 3.484228754719893573e+00
1.368368368368368415e+01 3.485313725651308925e+00
1.369369369369369416e+01 3.486394396483861069e+00
1.370370370370370416e+01 3.487470792218490434e+00
1.371371371371371417e+01 3.488542937856138781e+00
1.372372372372372418e+01 3.489610858397746096e+00
1.373373373373373418e+01 3.490674578844254139e+00
1.374374374374374419e+01 3.491734124196603783e+00
1.375375375375375420e+01 3.492789519455735459e+00
1.376376376376376420e+01 3.493840789622590037e+00
1.377377377377377421e+01 3.494887959698109725e+00
1.378378378378378422e+01 3.495931054683234063e+00
1.379379379379379422e+01 3.496970099578904367e+00
1.380380380380380423e+01 3.498005119386062400e+00
1.381381381381381424e+01 3.499036139105648147e+00
1.382382382382382424e+01 3.500063183738602479e+00
1.383383383383383425e+01 3.501086278285868048e+00
1.384384384384384425e+01 3.502105447748383504e+00
1.385385385385385426e+01 3.503120717127091055e+00
1.386386386386386427e+01 3.504132111422931128e+00
1.387387387387387427e+01 3.505139655636845930e+00
1.388388388388388428e+01 3.506143374769774557e+00
1.389389389389389429e+01 3.507143293822659658e+00
1.390390390390390429e+01 3.508139437796440774e+00
1.391391391391391430e+01 3.509131831692059666e+00
1.392392392392392431e+01 3.510120500510457653e+00
1.393393393393393431e+01 3.511105469252575162e+00
1.394394394394394432e+01 3.512086762919352179e+00
1.395395395395395433e+01 3.513064406511731352e+00
1.396396396396396433e+01 3.514038425030653112e+00
1.397397397397397434e+01 3.515008843477057443e+00
1.398398398398398434e+01 3.515975686851886994e+00
1.399399399399399435e+01 3.516938980156081751e+00
1.400400400400400436e+01 3.517898748390582142e+00
1.401401401401401436e+01 3.518855016556329929e+00
1.402402402402402437e+01 3.519807809654265540e+00
1.403403403403403438e+01 3.520757152685330738e+00
1.404404404404404438e+01 3.521703070650465950e+00
1.405405405405405439e+01 3.522645588550611606e+00
1.406406406406406440e+01 3.523584731386709912e+00
1.407407407407407440e+01 3.524520524159700408e+00
1.408408408408408441e+01 3.525452991870525743e+00
1.409409409409409442e+01 3.526382159520125015e+00
1.410410410410410442e+01 3.527308052109440428e+00
1.411411411411411443e+01 3.528230694639412857e+00
1.412412412412412444e+01 3.529150112110982285e+00
1.413413413413413444e+01 3.530066329525090918e+00
1.414414414414414445e+01 3.530979371882679185e+00
1.415415415415415445e+01 3.531889264184687516e+00
1.416416416416416446e+01 3.532796031432057227e+00
1.417417417417417447e+01 3.533699698625729635e+00
1.418418418418418447e+01 3.534600290766646502e+00
1.419419419419419448e+01 3.535497832855746037e+00
1.420420420420420449e+01 3.536392349893971776e+00
1.421421421421421449e+01 3.537283866882263705e+00
1.422422422422422450e+01 3.538172408821562698e+00
1.423423423423423451e+01 3.539058000712810514e+00
1.424424424424424451e+01 3.539940667556947140e+00
1.425425425425425452e+01 3.540820434354913449e+00
1.426426426426426453e+01 3.541697326107651200e+00
1.427427427427427453e+01 3.542571367816101269e+00
1.428428428428428454e+01 3.543442584481203195e+00
1.429429429429429455e+01 3.544311001103900072e+00
1.430430430430430455e+01 3.545176642685131441e+00
1.431431431431431456e+01 3.546039534225838619e+00
1.432432432432432456e+01 3.546899700726962479e+00
1.433433433433433457e+01 3.547757167189444782e+00
1.434434434434434458e+01 3.548611958614225514e+00
1.435435435435435458e+01 3.549464100002245104e+00
1.436436436436436459e+01 3.550313616354446644e+00
1.437437437437437460e+01 3.551160532671768788e+00
1.438438438438438460e+01 3.552004873955153741e+00
1.439439439439439461e+01 3.552846665205541932e+00
1.440440440440440462e+01 3.553685931423875122e+00
1.441441441441441462e+01 3.554522697611092852e+00
1.442442442442442463e+01 3.555356988768137327e+00
1.443443443443443464e+01 3.556188829895948977e+00
1.444444444444444464e+01 3.557018245995469119e+00
1.445445445445445465e+01 3.557845262067638625e+00
1.446446446446446465e+01 3.558669903113398369e+00
1.447447447447447466e+01 3.559492194133688336e+00
1.448448448448448467e+01 3.560312160129451176e+00
1.449449449449449467e+01 3.561129826101626872e+00
1.450450450450450468e+01 3.561945217051156298e+00
1.451451451451451469e+01 3.562758357978981216e+00
1.452452452452452469e+01 3.563569273886041611e+00
1.453453453453453470e+01 3.564377989773278799e+00
1.454454454454454471e+01 3.565184530641634097e+00
1.455455455455455471e+01 3.565988921492047936e+00
1.456456456456456472e+01 3.566791187325462076e+00
1.457457457457457473e+01 3.567591353142816057e+00
1.458458458458458473e+01 3.568389443945051642e+00
1.459459459459459474e+01 3.569185484733110592e+00
1.460460460460460475e+01 3.569979500507932446e+00
1.461461461461461475e+01 3.570771516270458967e+00
1.462462462462462476e+01 3.571561557021631028e+00
1.463463463463463476e+01 3.572349647762389502e+00
1.464464464464464477e+01 3.573135813493675261e+00
1.465465465465465478e+01 3.573920079216429180e+00
1.466466466466466478e+01 3.574702469931592574e+00
1.467467467467467479e+01 3.575483010640106318e+00
1.468468468468468480e+01 3.576261726342910841e+00
1.469469469469469480e+01 3.577038642040947458e+00
1.470470470470470481e+01 3.577813782735157933e+00
1.471471471471471482e+01 3.578587173426481804e+00
1.472472472472472482e+01 3.579358839115860391e+00
1.473473473473473483e+01 3.580128804804235898e+00
1.474474474474474484e+01 3.580897095492547422e+00
1.475475475475475484e+01 3.581663736181737168e+00
1.476476476476476485e+01 3.582428751872746009e+00
1.477477477477477485e+01 3.583192167566514819e+00
1.478478478478478486e+01 3.583954008263983138e+00
1.479479479479479487e+01 3.584714298966094059e+00
1.480480480480480487e+01 3.585473064673787569e+00
1.481481481481481488e+01 3.586230330388004539e+00
1.482482482482482489e+01 3.586986121109686287e+00
1.483483483483483489e+01 3.587740461839773243e+00
1.484484484484484490e+01 3.588493377579206722e+00
1.485485485485485491e+01 3.589244893328928043e+00
1.486486486486486491e+01 3.589995034089877191e+00
1.487487487487487492e+01 3.590743824862995481e+00
1.488488488488488493e+01 3.591491290649224677e+00
1.489489489489489493e+01 3.592237456449505206e+00
1.490490490490490494e+01 3.592982347264777054e+00
1.491491491491491495e+01 3.593725988095983315e+00
1.492492492492492495e+01 3.594468403944062640e+00
1.493493493493493496e+01 3.595209619809957680e+00
1.494494494494494496e+01 3.595949660694607974e+00
1.495495495495495497e+01 3.596688551598956174e+00
1.496496496496496498e+01 3.597426317523941375e+00
1.497497497497497498e+01 3.598162983470505782e+00
1.498498498498498499e+01 3.598898574439590270e+00
1.499499499499499500e+01 3.599633115432136155e+00
1.500500500500500500e+01 3.600366630884590080e+00
1.501501501501501501e+01 3.601099132250074941e+00
1.502502502502502502e+01 3.601830617998384110e+00
1.503503503503503502e+01 3.602561086034818949e+00
1.504504504504504503e+01 3.603290534264680378e+00
1.505505505505505504e+01 3.604018960593270204e+00
1.506506506506506504e+01 3.604746362925889791e+00
1.507507507507507505e+01 3.605472739167840501e+00
1.508508508508508505e+01 3.606198087224423698e+00
1.509509509509509506e+01 3.606922405000940302e+00
1.510510510510510507e+01 3.607645690402692118e+00
1.511511511511511507e+01 3.608367941334980511e+00
1.512512512512512508e+01 3.609089155703106400e+00
1.513513513513513509e+01 3.609809331412371147e+00
1.514514514514514509e+01 3.610528466368076561e+00
1.515515515515515510e+01 3.611246558475524449e+00
1.516516516516516511e+01 3.611963605640014841e+00
1.517517517517517511e+01 3.612679605766849544e+00
1.518518518518518512e+01 3.613394556761330811e+00
1.519519519519519513e+01 3.614108456528758673e+00
1.520520520520520513e+01 3.614821302974434936e+00
1.521521521521521514e+01 3.615533094003661851e+00
1.522522522522522515e+01 3.616243827521739451e+00
1.523523523523523515e+01 3.616953501433970430e+00
1.524524524524524516e+01 3.617662113645654820e+00
1.525525525525525516e+01 3.618369662062094427e+00
1.526526526526526517e+01 3.619076144588591060e+00
1.527527527527527518e+01 3.619781559130445636e+00
1.528528528528528518e+01 3.620485903592959520e+00
1.529529529529529519e+01 3.621189175881434075e+00
1.530530530530530520e+01 3.621891373901170663e+00
1.531531531531531520e+01 3.622592495557471537e+00
1.532532532532532521e+01 3.623292538755636283e+00
1.533533533533533522e+01 3.623991501400967152e+00
1.534534534534534522e+01 3.624689381398765953e+00
1.535535535535535523e+01 3.625386176654333159e+00
1.536536536536536524e+01 3.626081885072971023e+00
1.537537537537537524e+01 3.626776504559980019e+00
1.538538538538538525e+01 3.627470033020662399e+00
1.539539539539539525e+01 3.628162468360318638e+00
1.540540540540540526e+01 3.628853808484250099e+00
1.541541541541541527e+01 3.629544051297759033e+00
1.542542542542542527e+01 3.630233194706145916e+00
1.543543543543543528e+01 3.630921236614712999e+00
1.544544544544544529e+01 3.631608174928760313e+00
1.545545545545545529e+01 3.632294007553590554e+00
1.546546546546546530e+01 3.632978732394504640e+00
1.547547547547547531e+01 3.633662347356803490e+00
1.548548548548548531e+01 3.634344850345788469e+00
1.549549549549549532e+01 3.635026239266761827e+00
1.550550550550550533e+01 3.635706512025023596e+00
1.551551551551551533e+01 3.636385666525876026e+00
1.552552552552552534e+01 3.637063700674620481e+00
1.553553553553553535e+01 3.637740612376557880e+00
1.554554554554554535e+01 3.638416399536990031e+00
1.555555555555555536e+01 3.639091060061218297e+00
1.556556556556556536e+01 3.639764591854543152e+00
1.557557557557557537e+01 3.640436992822266848e+00
1.558558558558558538e+01 3.641108260869689861e+00
1.559559559559559538e+01 3.641778393902115329e+00
1.560560560560560539e+01 3.642447389824842396e+00
1.561561561561561540e+01 3.643115246543174202e+00
1.562562562562562540e+01 3.643781961962410776e+00
1.563563563563563541e+01 3.644447533987853927e+00
1.564564564564564542e+01 3.645111960524805461e+00
1.565565565565565542e+01 3.645775239478566299e+00
1.566566566566566543e+01 3.646437368754437802e+00
1.567567567567567544e+01 3.647098346257721335e+00
1.568568568568568544e+01 3.647758169893717817e+00
1.569569569569569545e+01 3.648416837567730386e+00
1.570570570570570545e+01 3.649074347185057743e+00
1.571571571571571546e+01 3.649730696651003470e+00
1.572572572572572547e+01 3.650385883870867598e+00
1.573573573573573547e+01 3.651039906749951491e+00
1.574574574574574548e+01 3.651692763193557845e+00
1.575575575575575549e+01 3.652344451106986689e+00
1.576576576576576549e+01 3.652994968395539832e+00
1.577577577577577550e+01 3.653644312964518637e+00
1.578578578578578551e+01 3.654292482719223578e+00
1.579579579579579551e+01 3.654939475564957352e+00
1.580580580580580552e+01 3.655585289407020877e+00
1.581581581581581553e+01 3.656229922150715517e+00
1.582582582582582553e+01 3.656873371701341746e+00
1.583583583583583554e+01 3.657515635964202705e+00
1.584584584584584555e+01 3.658156712844597980e+00
1.585585585585585555e+01 3.658796600247829822e+00
1.586586586586586556e+01 3.659435296079199151e+00
1.587587587587587556e+01 3.660072798244008219e+00
1.588588588588588557e+01 3.660709104647557499e+00
1.589589589589589558e+01 3.661344213195148356e+00
1.590590590590590558e+01 3.661978121792082153e+00
1.591591591591591559e+01 3.662610828343661140e+00
1.592592592592592560e+01 3.663242330755185350e+00
1.593593593593593560e+01 3.663872626931957033e+00
1.594594594594594561e+01 3.664501714779277108e+00
1.595595595595595562e+01 3.665129592202447384e+00
1.596596596596596562e+01 3.665756257106768334e+00
1.597597597597597563e+01 3.666381707397542211e+00
1.598598598598598564e+01 3.667005940980069933e+00
1.599599599599599564e+01 3.667628955759653753e+00
1.600600600600600742e+01 3.668250749641593256e+00
1.601601601601601743e+01 3.668871320531191138e+00
1.602602602602602744e+01 3.669490666333748319e+00
1.603603603603603744e+01 3.670108784954566161e+00
1.604604604604604745e+01 3.670725674298946029e+00
1.605605605605605746e+01 3.671341332272189728e+00
1.606606606606606746e+01 3.671955756779597735e+00
1.607607607607607747e+01 3.672568945726472300e+00
1.608608608608608748e+01 3.673180897018113900e+00
1.609609609609609748e+01 3.673791608559824340e+00
1.610610610610610749e+01 3.674401078256904540e+00
1.611611611611611750e+01 3.675009304014657197e+00
1.612612612612612750e+01 3.675616283738382783e+00
1.613613613613613751e+01 3.676222015333381776e+00
1.614614614614614752e+01 3.676826496704956426e+00
1.615615615615615752e+01 3.677429725758408097e+00
1.616616616616616753e+01 3.678031700399038151e+00
1.617617617617617753e+01 3.678632418532147508e+00
1.618618618618618754e+01 3.679231878063038419e+00
1.619619619619619755e+01 3.679830076897011359e+00
1.620620620620620755e+01 3.680427012939368137e+00
1.621621621621621756e+01 3.681022684095410114e+00
1.622622622622622757e+01 3.681617088270437765e+00
1.623623623623623757e+01 3.682210223369753788e+00
1.624624624624624758e+01 3.682802087298658655e+00
1.625625625625625759e+01 3.683392677962453732e+00
1.626626626626626759e+01 3.683981993266440824e+00
1.627627627627627760e+01 3.684570031115920852e+00
1.628628628628628761e+01 3.685156789416196066e+00
1.629629629629629761e+01 3.685742266072566498e+00
1.630630630630630762e+01 3.686326458990334398e+00
1.631631631631631763e+01 3.686909366074800243e+00
1.632632632632632763e+01 3.687490985231266283e+00
1.633633633633633764e+01 3.688071314365033437e+00
1.634634634634634764e+01 3.688650351381403514e+00
1.635635635635635765e+01 3.689228094185677431e+00
1.636636636636636766e+01 3.689804540683156553e+00
1.637637637637637766e+01 3.690379688779142686e+00
1.638638638638638767e+01 3.690953536378936306e+00
1.639639639639639768e+01 3.691526081387839664e+00
1.640640640640640768e+01 3.692097321711153235e+00
1.641641641641641769e+01 3.692667255254179270e+00
1.642642642642642770e+01 3.693235879922218690e+00
1.643643643643643770e+01 3.693803193620572856e+00
1.644644644644644771e+01 3.694369194254543132e+00
1.645645645645645772e+01 3.694933879729430881e+00
1.646646646646646772e+01 3.695497247950536579e+00
1.647647647647647773e+01 3.696059296823163365e+00
1.648648648648648773e+01 3.696620024252611270e+00
1.649649649649649774e+01 3.697179428144182101e+00
1.650650650650650775e+01 3.697737506403177221e+00
1.651651651651651775e+01 3.698294256934897994e+00
1.652652652652652776e+01 3.698849677644645784e+00
1.653653653653653777e+01 3.699403766437721508e+00
1.654654654654654777e+01 3.699956521219426975e+00
1.655655655655655778e+01 3.700507939895063547e+00
1.656656656656656779e+01 3.701058020369932144e+00
1.657657657657657779e+01 3.701606760549334130e+00
1.658658658658658780e+01 3.702154158338572199e+00
1.659659659659659781e+01 3.702700211642945938e+00
1.660660660660660781e+01 3.703244918367757599e+00
1.661661661661661782e+01 3.703788276418307657e+00
1.662662662662662783e+01 3.704330283699898807e+00
1.663663663663663783e+01 3.704870938117831525e+00
1.664664664664664784e+01 3.705410237577407617e+00
1.665665665665665784e+01 3.705948179983927560e+00
1.666666666666666785e+01 3.706484763242694491e+00
1.667667667667667786e+01 3.707019985259007111e+00
1.668668668668668786e+01 3.707553843938169003e+00
1.669669669669669787e+01 3.708086337185481085e+00
1.670670670670670788e+01 3.708617462906243833e+00
1.671671671671671788e+01 3.709147219005759499e+00
1.672672672672672789e+01 3.709675603389329002e+00
1.673673673673673790e+01 3.710202613962253260e+00
1.674674674674674790e+01 3.710728248629834969e+00
1.675675675675675791e+01 3.711252505297374160e+00
1.676676676676676792e+01 3.711775381870173529e+00
1.677677677677677792e+01 3.712296876253532663e+00
1.678678678678678793e+01 3.712816986352753812e+00
1.679679679679679793e+01 3.713335710073138785e+00
1.680680680680680794e+01 3.713853045319988055e+00
1.681681681681681795e+01 3.714368989998603876e+00
1.682682682682682795e+01 3.714883542014287166e+00
1.683683683683683796e+01 3.715396699272338843e+00
1.684684684684684797e+01 3.715908459678060716e+00
1.685685685685685797e+01 3.716418821136754147e+00
1.686686686686686798e+01 3.716927781553720500e+00
1.687687687687687799e+01 3.717435338834261138e+00
1.688688688688688799e+01 3.717941490883677425e+00
1.689689689689689800e+01 3.718446235607270278e+00
1.690690690690690801e+01 3.718949570910341507e+00
1.691691691691691801e+01 3.719451494698192029e+00
1.692692692692692802e+01 3.719952004876123652e+00
1.693693693693693803e+01 3.720451099349437740e+00
1.694694694694694803e+01 3.720948776023435656e+00
1.695695695695695804e+01 3.721445032803417874e+00
1.696696696696696804e+01 3.721939867594687090e+00
1.697697697697697805e+01 3.722433278302544224e+00
1.698698698698698806e+01 3.722925262832290194e+00
1.699699699699699806e+01 3.723415819089226364e+00
1.700700700700700807e+01 3.723904944978654097e+00
1.701701701701701808e+01 3.724392638405875644e+00
1.702702702702702808e+01 3.724878897276191037e+00
1.703703703703703809e+01 3.725363719494902082e+00
1.704704704704704810e+01 3.725847102967311031e+00
1.705705705705705810e+01 3.726329045598718359e+00
1.706706706706706811e+01 3.726809545294424542e+00
1.707707707707707812e+01 3.727288599959732718e+00
1.708708708708708812e+01 3.727766207499943807e+00
1.709709709709709813e+01 3.728242365820357840e+00
1.710710710710710813e+01 3.728717072826277956e+00
1.711711711711711814e+01 3.729190326423004631e+00
1.712712712712712815e+01 3.729662124515838784e+00
1.713713713713713815e+01 3.730132465010083109e+00
1.714714714714714816e+01 3.730601345811037195e+00
1.715715715715715817e+01 3.731068764824003736e+00
1.716716716716716817e+01 3.731534719954283652e+00
1.717717717717717818e+01 3.731999209107178306e+00
1.718718718718718819e+01 3.732462230187988617e+00
1.719719719719719819e+01 3.732923781102016836e+00
1.720720720720720820e+01 3.733383859754563883e+00
1.721721721721721821e+01 3.733842464050931120e+00
1.722722722722722821e+01 3.734299591896419024e+00
1.723723723723723822e+01 3.734755241196330733e+00
1.724724724724724823e+01 3.735209409855965834e+00
1.725725725725725823e+01 3.735662095780626579e+00
1.726726726726726824e+01 3.736113296875614331e+00
1.727727727727727824e+01 3.736563011046231342e+00
1.728728728728728825e+01 3.737011236197776753e+00
1.729729729729729826e+01 3.737457970235553706e+00
1.730730730730730826e+01 3.737903211064861786e+00
1.731731731731731827e+01 3.738346956591004577e+00
1.732732732732732828e+01 3.738789204719282111e+00
1.733733733733733828e+01 3.739229953354996194e+00
1.734734734734734829e+01 3.739669200403447746e+00
1.735735735735735830e+01 3.740106943769938574e+00
1.736736736736736830e+01 3.740543181359769598e+00
1.737737737737737831e+01 3.740977911078242180e+00
1.738738738738738832e+01 3.741411130830658127e+00
1.739739739739739832e+01 3.741842838522318360e+00
1.740740740740740833e+01 3.742273032058524684e+00
1.741741741741741833e+01 3.742701709344577576e+00
1.742742742742742834e+01 3.743128868285779731e+00
1.743743743743743835e+01 3.743554506787431624e+00
1.744744744744744835e+01 3.743978622754834173e+00
1.745745745745745836e+01 3.744401214093289187e+00
1.746746746746746837e+01 3.744822278708098917e+00
1.747747747747747837e+01 3.745241814504563393e+00
1.748748748748748838e+01 3.745659819387984424e+00
1.749749749749749839e+01 3.746076291263663371e+00
1.750750750750750839e+01 3.746491228036902488e+00
1.751751751751751840e+01 3.746904627613001360e+00
1.752752752752752841e+01 3.747316487897262238e+00
1.753753753753753841e+01 3.747726806794986487e+00
1.754754754754754842e+01 3.748135582211475469e+00
1.755755755755755843e+01 3.748542812052030992e+00
1.756756756756756843e+01 3.748948494221953531e+00
1.757757757757757844e+01 3.749352626626545337e+00
1.758758758758758844e+01 3.749755207171106441e+00
1.759759759759759845e+01 3.750156233760939539e+00
1.760760760760760846e+01 3.750555704301345550e+00
1.761761761761761846e+01 3.750953616697625392e+00
1.762762762762762847e+01 3.751349968855080430e+00
1.763763763763763848e+01 3.751744758679013358e+00
1.764764764764764848e+01 3.752137984074723764e+00
1.765765765765765849e+01 3.752529642947513899e+00
1.766766766766766850e+01 3.752919733202685126e+00
1.767767767767767850e+01 3.753308252745538365e+00
1.768768768768768851e+01 3.753695199481375422e+00
1.769769769769769852e+01 3.754080571315497217e+00
1.770770770770770852e+01 3.754464366153206001e+00
1.771771771771771853e+01 3.754846581899801361e+00
1.772772772772772854e+01 3.755227216460586437e+00
1.773773773773773854e+01 3.755606267740862148e+00
1.774774774774774855e+01 3.755983733645929412e+00
1.775775775775775855e+01 3.756359612081089594e+00
1.776776776776776856e+01 3.756733900951644056e+00
1.777777777777777857e+01 3.757106598162894606e+00
1.778778778778778857e+01 3.757477701620142163e+00
1.779779779779779858e+01 3.757847209228688090e+00
1.780780780780780859e+01 3.758215118893834195e+00
1.781781781781781859e+01 3.758581428520881396e+00
1.782782782782782860e+01 3.758946136015130612e+00
1.783783783783783861e+01 3.759309239281884096e+00
1.784784784784784861e+01 3.759670736226443211e+00
1.785785785785785862e+01 3.760030624754108430e+00
1.786786786786786863e+01 3.760388902770181563e+00
1.787787787787787863e+01 3.760745568179963971e+00
1.788788788788788864e+01 3.761100618888757463e+00
1.789789789789789864e+01 3.761454052801862957e+00
1.790790790790790865e+01 3.761805867824581373e+00
1.791791791791791866e+01 3.762156061862214962e+00
1.792792792792792866e+01 3.762504632820064199e+00
1.793793793793793867e+01 3.762851578603430891e+00
1.794794794794794868e+01 3.763196897117616402e+00
1.795795795795795868e+01 3.763540586267922095e+00
1.796796796796796869e+01 3.763882643959649332e+00
1.797797797797797870e+01 3.764223068098099034e+00
1.798798798798798870e+01 3.764561856588573008e+00
1.799799799799799871e+01 3.764899007336372616e+00
1.800800800800800872e+01 3.765234518246798778e+00
1.801801801801801872e+01 3.765568387225153746e+00
1.802802802802802873e+01 3.765900612176737550e+00
1.803803803803803874e+01 3.766231191006852885e+00
1.804804804804804874e+01 3.766560121620800228e+00
1.805805805805805875e+01 3.766887401923881384e+00
1.806806806806806875e+01 3.767213029821397274e+00
1.807807807807807876e+01 3.767537003218649261e+00
1.808808808808808877e+01 3.767859320020939151e+00
1.809809809809809877e+01 3.768179978133567865e+00
1.810810810810810878e+01 3.768498975461837208e+00
1.811811811811811879e+01 3.768816309911048545e+00
1.812812812812812879e+01 3.769131979386502795e+00
1.813813813813813880e+01 3.769445981793501321e+00
1.814814814814814881e+01 3.769758315037345486e+00
1.815815815815815881e+01 3.770068977023336654e+00
1.816816816816816882e+01 3.770377965656776631e+00
1.817817817817817883e+01 3.770685278842966337e+00
1.818818818818818883e+01 3.770990914487207579e+00
1.819819819819819884e+01 3.771294870494800833e+00
1.820820820820820884e+01 3.771597144771048349e+00
1.821821821821821885e+01 3.771897735221250603e+00
1.822822822822822886e+01 3.772196639750709846e+00
1.823823823823823886e+01 3.772493856264726553e+00
1.824824824824824887e+01 3.772789382668603420e+00
1.825825825825825888e+01 3.773083216867640033e+00
1.826826826826826888e+01 3.773375356767139088e+00
1.827827827827827889e+01 3.773665800272401949e+00
1.828828828828828890e+01 3.773954545288728646e+00
1.829829829829829890e+01 3.774241589721421430e+00
1.830830830830830891e+01 3.774526931475782110e+00
1.831831831831831892e+01 3.774810568457111160e+00
1.832832832832832892e+01 3.775092498570710386e+00
1.833833833833833893e+01 3.775372719721881598e+00
1.834834834834834894e+01 3.775651229815924825e+00
1.835835835835835894e+01 3.775928026758142320e+00
1.836836836836836895e+01 3.776203108453835444e+00
1.837837837837837895e+01 3.776476472808305562e+00
1.838838838838838896e+01 3.776748117726853593e+00
1.839839839839839897e+01 3.777018041114781344e+00
1.840840840840840897e+01 3.777286240877389734e+00
1.841841841841841898e+01 3.777552714919980570e+00
1.842842842842842899e+01 3.777817461147855660e+00
1.843843843843843899e+01 3.778080477466315035e+00
1.844844844844844900e+01 3.778341761780660502e+00
1.845845845845845901e+01 3.778601311996194312e+00
1.846846846846846901e+01 3.778859126018216497e+00
1.847847847847847902e+01 3.779115201752028863e+00
1.848848848848848903e+01 3.779369537102933663e+00
1.849849849849849903e+01 3.779622129976231371e+00
1.850850850850850904e+01 3.779872978277223350e+00
1.851851851851851904e+01 3.780122079911210964e+00
1.852852852852852905e+01 3.780369432783496020e+00
1.853853853853853906e+01 3.780615034799379437e+00
1.854854854854854906e+01 3.780858883864162134e+00
1.855855855855855907e+01 3.781100977883146363e+00
1.856856856856856908e+01 3.781341314761633488e+00
1.857857857857857908e+01 3.781579892404924426e+00
1.858858858858858909e+01 3.781816708718320097e+00
1.859859859859859910e+01 3.782051761607122309e+00
1.860860860860860910e+01 3.782285048976632869e+00
1.861861861861861911e+01 3.782516568732152695e+00
1.862862862862862912e+01 3.782746318778982708e+00
1.863863863863863912e+01 3.782974297022424714e+00
1.864864864864864913e+01 3.783200501367780522e+00
1.865865865865865914e+01 3.783424929720351049e+00
1.866866866866866914e+01 3.783647579985437215e+00
1.867867867867867915e+01 3.783868450068340383e+00
1.868868868868868915e+01 3.784087537874362805e+00
1.869869869869869916e+01 3.784304841308805401e+00
1.870870870870870917e+01 3.784520358276969088e+00
1.871871871871871917e+01 3.784734086684156118e+00
1.872872872872872918e+01 3.784946024435667411e+00
1.873873873873873919e+01 3.785156169436803442e+00
1.874874874874874919e+01 3.785364519592866461e+00
1.875875875875875920e+01 3.785571072809157389e+00
1.876876876876876921e+01 3.785775826990978477e+00
1.877877877877877921e+01 3.785978780043630199e+00
1.878878878878878922e+01 3.786179929872413918e+00
1.879879879879879923e+01 3.786379274382632332e+00
1.880880880880880923e+01 3.786576811479584581e+00
1.881881881881881924e+01 3.786772539068573362e+00
1.882882882882882924e+01 3.786966455054899594e+00
1.883883883883883925e+01 3.787158557343865084e+00
1.884884884884884926e+01 3.787348843840770751e+00
1.885885885885885926e+01 3.787537312450918403e+00
1.886886886886886927e+01 3.787723961079608515e+00
1.887887887887887928e+01 3.787908787632143781e+00
1.888888888888888928e+01 3.788091790013824678e+00
1.889889889889889929e+01 3.788272966129952568e+00
1.890890890890890930e+01 3.788452313885828815e+00
1.891891891891891930e+01 3.788629831186754782e+00
1.892892892892892931e+01 3.788805515938031832e+00
1.893893893893893932e+01 3.788979366044961328e+00
1.894894894894894932e+01 3.789151379412845078e+00
1.895895895895895933e+01 3.789321553946984000e+00
1.896896896896896934e+01 3.789489887552679459e+00
1.897897897897897934e+01 3.789656378135232817e+00
1.898898898898898935e+01 3.789821023599945438e+00
1.899899899899899935e+01 3.789983821852118240e+00
1.900900900900900936e+01 3.790144773300971437e+00
1.901901901901901937e+01 3.790303891898864297e+00
1.902902902902902937e+01 3.790461196156042156e+00
1.903903903903903938e+01 3.790616704586187158e+00
1.904904904904904939e+01 3.790770435702978780e+00
1.905905905905905939e+01 3.790922408020097834e+00
1.906906906906906940e+01 3.791072640051226017e+00
1.907907907907907941e+01 3.791221150310043253e+00
1.908908908908908941e+01 3.791367957310230796e+00
1.909909909909909942e+01 3.791513079565469013e+00
1.910910910910910943e+01 3.791656535589438715e+00
1.911911911911911943e+01 3.791798343895821155e+00
1.912912912912912944e+01 3.791938522998296701e+00
1.913913913913913944e+01 3.792077091410546164e+00
1.914914914914914945e+01 3.792214067646249909e+00
1.915915915915915946e+01 3.792349470219089191e+00
1.916916916916916946e+01 3.792483317642744822e+00
1.917917917917917947e+01 3.792615628430897168e+00
1.918918918918918948e+01 3.792746421097227483e+00
1.919919919919919948e+01 3.792875714155416134e+00
1.920920920920920949e+01 3.793003526119144375e+00
1.921921921921921950e+01 3.793129875502092130e+00
1.922922922922922950e+01 3.793254780817940652e+00
1.923923923923923951e+01 3.793378260580370753e+00
1.924924924924924952e+01 3.793500333303063243e+00
1.925925925925925952e+01 3.793621017499698489e+00
1.926926926926926953e+01 3.793740331683957745e+00
1.927927927927927954e+01 3.793858294369521378e+00
1.928928928928928954e+01 3.793974924070070642e+00
1.929929929929929955e+01 3.794090239299285461e+00
1.930930930930930955e+01 3.794204258570847532e+00
1.931931931931931956e+01 3.794317000398436779e+00
1.932932932932932957e+01 3.794428483295734456e+00
1.933933933933933957e+01 3.794538725776421817e+00
1.934934934934934958e+01 3.794647746354177897e+00
1.935935935935935959e+01 3.794755563542685728e+00
1.936936936936936959e+01 3.794862195855624343e+00
1.937937937937937960e+01 3.794967661806674997e+00
1.938938938938938961e+01 3.795071979909518944e+00
1.939939939939939961e+01 3.795175168677836108e+00
1.940940940940940962e+01 3.795277246625308187e+00
1.941941941941941963e+01 3.795378232265615104e+00
1.942942942942942963e+01 3.795478144112437668e+00
1.943943943943943964e+01 3.795577000679457580e+00
1.944944944944944965e+01 3.795674820480354317e+00
1.945945945945945965e+01 3.795771622028810022e+00
1.946946946946946966e+01 3.795867423838503729e+00
1.947947947947947966e+01 3.795962244423118026e+00
1.948948948948948967e+01 3.796056102296332391e+00
1.949949949949949968e+01 3.796149015971828078e+00
1.950950950950950968e+01 3.796241003963285898e+00
1.951951951951951969e+01 3.796332084784386662e+00
1.952952952952952970e+01 3.796422276948810293e+00
1.953953953953953970e+01 3.796511598970238488e+00
1.954954954954954971e+01 3.796600069362352059e+00
1.955955955955955972e+01 3.796687706638831372e+00
1.956956956956956972e+01 3.796774529313356794e+00
1.957957957957957973e+01 3.796860555899610468e+00
1.958958958958958974e+01 3.796945804911270983e+00
1.959959959959959974e+01 3.797030294862021371e+00
1.960960960960960975e+01 3.797114044265541111e+00
1.961961961961961975e+01 3.797197071635510568e+00
1.962962962962962976e+01 3.797279395485612330e+00
1.963963963963963977e+01 3.797361034329524987e+00
1.964964964964964977e+01 3.797442006680930238e+00
1.965965965965965978e+01 3.797522331053509337e+00
1.966966966966966979e+01 3.797602025960942651e+00
1.967967967967967979e+01 3.797681109916910991e+00
1.968968968968968980e+01 3.797759601435094723e+00
1.969969969969969981e+01 3.797837519029174658e+00
1.970970970970970981e+01 3.797914881212832938e+00
1.971971971971971982e+01 3.797991706499748155e+00
1.972972972972972983e+01 3.798068013403602450e+00
1.973973973973973983e+01 3.798143820438075746e+00
1.974974974974974984e+01 3.798219146116849743e+00
1.975975975975975985e+01 3.798294008953604806e+00
1.976976976976976985e+01 3.798368427462021302e+00
1.977977977977977986e+01 3.798442420155780930e+00
1.978978978978978986e+01 3.798516005548563168e+00
1.979979979979979987e+01 3.798589202154049271e+00
1.980980980980980988e+01 3.798662028485920938e+00
1.981981981981981988e+01 3.798734503057857648e+00
1.982982982982982989e+01 3.798806644383541098e+00
1.983983983983983990e+01 3.798878470976651212e+00
1.984984984984984990e+01 3.798950001350869687e+00
1.985985985985985991e+01 3.799021254019876004e+00
1.986986986986986992e+01 3.799092247497352304e+00
1.987987987987987992e+01 3.799163000296978510e+00
1.988988988988988993e+01 3.799233530932435876e+00
1.989989989989989994e+01 3.799303857917404770e+00
1.990990990990990994e+01 3.799373999765566001e+00
1.991991991991991995e+01 3.799443974990599937e+00
1.992992992992992995e+01 3.799513802106188720e+00
1.993993993993993996e+01 3.799583499626010941e+00
1.994994994994994997e+01 3.799653086063749630e+00
1.995995995995995997e+01 3.799722579933084265e+00
1.996996996996996998e+01 3.799791999747695659e+00
1.997997997997997999e+01 3.799861364021265064e+00
1.998998998998998999e+01 3.799930691267472849e+00
2.000000000000000000e+01 3.800000000000000266e+00
